301 191 3
301 204 3
301 269 3
301 283 3
301 423 3
301 484 3
301 515 3
301 604 3
302 243 2
302 269 3
302 286 3
302 313 3
302 315 3
302 326 3
302 328 3
302 333 3
302 678 2
303 258 4
303 268 4
303 269 4
303 294 3
303 300 4
303 303 4
303 305 4
303 325 3
303 333 3
303 340 4
303 682 3
303 995 3
304 64 5
304 143 4
304 194 4
304 245 4
304 286 4
304 418 4
304 480 4
304 492 4
304 604 4
304 606 4
304 705 4
305 137 3
305 272 3
305 327 3
305 650 3
305 651 3
305 750 3
305 886 3
306 121 3
306 126 4
306 127 4
306 151 3
306 252 2
306 289 3
306 405 3
306 924 3
307 111 3
307 118 3
307 181 3
307 220 2
307 252 3
307 258 4
307 298 4
307 301 3
307 471 4
307 476 3
307 546 3
307 845 3
307 926 2
308 245 2
308 288 3
308 300 3
308 873 2
308 879 3
309 268 3
309 270 3
309 292 3
309 300 3
309 302 3
309 310 3
309 313 3
309 332 3
309 346 4
309 682 2
309 690 3
309 880 3
310 21 2
310 94 3
310 181 3
310 240 2
310 300 3
310 596 2
310 597 3
311 64 4
311 111 3
311 151 3
311 251 4
311 257 4
311 272 4
311 750 4
311 751 3
312 1 4
312 9 4
312 100 4
312 129 3
312 268 4
312 276 4
312 286 4
312 300 4
312 742 4
313 243 2
313 286 4
313 288 3
313 310 3
313 313 4
313 315 3
313 323 3
313 333 4
313 748 3
314 258 4
314 272 4
314 288 3
314 319 3
314 362 2
314 882 3
314 891 2
315 243 3
315 259 3
315 288 3
315 294 3
315 321 3
315 339 3
315 342 4
315 359 3
315 410 3
315 597 3
315 687 3
315 875 4
315 988 3
316 14 3
316 237 3
316 245 3
316 272 4
316 313 4
316 321 3
316 676 4
317 272 4
317 315 4
317 316 5
317 319 3
317 345 4
318 98 4
318 173 4
318 245 3
318 269 4
318 286 4
318 288 3
318 294 3
318 301 3
318 313 4
318 315 4
318 347 4
318 752 3
319 271 3
319 288 2
319 289 3
319 301 3
319 304 3
319 308 3
319 310 4
319 331 3
319 338 2
319 877 2
319 938 2
319 989 2
320 269 4
320 271 2
320 288 3
320 294 3
320 300 3
320 305 3
320 325 3
320 327 3
320 333 3
320 343 2
320 890 2
321 100 4
321 150 4
321 151 3
321 168 4
321 191 4
321 194 4
321 198 4
321 205 4
321 222 4
321 276 4
321 288 4
321 313 4
321 682 3
321 902 3
322 1 3
322 24 3
322 147 3
322 254 1
322 405 3
322 410 2
322 471 3
322 473 2
322 742 3
323 100 4
323 264 3
323 328 4
323 456 3
323 687 2
323 876 3
323 881 3
323 948 3
324 245 2
324 270 3
324 289 2
324 294 2
324 309 1
324 322 2
324 328 3
324 879 2
325 237 3
325 271 3
325 278 2
325 288 3
325 298 3
325 300 3
325 313 3
325 328 3
325 343 3
325 682 2
325 742 3
325 763 3
326 13 3
326 25 4
326 100 4
326 111 4
326 116 4
326 150 4
326 235 3
326 283 4
326 306 4
326 476 3
326 756 3
327 258 4
327 300 3
327 303 3
327 319 3
327 333 3
327 334 3
328 14 4
328 50 4
328 222 4
328 258 4
328 748 3
328 832 4
328 845 4
329 245 3
329 264 3
329 268 4
329 322 3
329 323 3
329 328 3
329 354 3
329 678 3
329 748 3
329 879 3
330 259 2
330 267 5
330 268 4
330 301 3
330 306 3
330 333 3
330 338 2
330 346 3
330 682 2
330 751 3
330 879 3
331 1 4
331 5 4
331 7 4
331 8 4
331 9 4
331 11 4
331 12 4
331 22 4
331 31 4
331 38 4
331 53 3
331 54 4
331 56 4
331 70 4
331 73 4
331 77 4
331 79 4
331 82 4
331 95 4
331 96 4
331 97 4
331 98 4
331 105 3
331 106 4
331 117 4
331 118 4
331 120 3
331 121 4
331 122 2
331 123 4
331 125 4
331 127 4
331 144 4
331 156 4
331 159 4
331 172 4
331 174 4
331 181 4
331 182 4
331 204 4
331 210 4
331 218 4
331 222 4
331 227 4
331 228 4
331 229 3
331 230 4
331 232 4
331 233 3
331 234 4
331 235 3
331 237 4
331 240 3
331 249 4
331 255 4
331 257 4
331 258 4
331 264 4
331 265 4
331 271 4
331 273 4
331 282 4
331 288 4
331 291 4
331 293 4
331 294 4
331 295 4
331 298 4
331 300 4
331 307 4
331 313 4
331 322 4
331 323 3
331 326 4
331 327 4
331 328 4
331 332 4
331 333 4
331 342 3
331 356 3
331 369 3
331 370 3
331 405 4
331 406 3
331 409 3
331 410 3
331 449 4
331 450 3
331 451 4
331 452 4
331 456 3
331 470 3
331 546 4
331 566 4
331 595 4
331 597 3
331 628 4
331 651 4
331 655 4
331 660 4
331 673 4
331 679 4
331 684 4
331 693 4
331 696 4
331 728 4
331 746 4
331 756 4
331 763 4
331 770 4
331 815 3
331 824 3
331 827 3
331 831 3
331 833 3
331 840 4
331 841 3
331 845 4
331 866 4
331 871 3
331 879 4
331 895 4
331 928 4
331 931 2
331 934 3
331 975 4
331 978 3
331 982 3
331 983 3
332 88 4
332 153 3
332 168 3
332 180 4
332 186 4
332 269 3
332 294 3
332 315 4
332 316 4
332 435 4
332 513 4
332 748 3
332 873 1
333 4 3
333 7 4
333 8 4
333 9 4
333 12 4
333 13 4
333 19 4
333 20 4
333 22 3
333 23 4
333 28 4
333 42 4
333 50 5
333 52 4
333 56 4
333 58 4
333 59 4
333 61 3
333 68 3
333 69 4
333 70 3
333 72 3
333 73 3
333 74 3
333 77 3
333 79 4
333 81 4
333 86 4
333 89 4
333 91 3
333 93 3
333 95 4
333 98 4
333 100 4
333 111 4
333 115 3
333 116 3
333 117 3
333 124 4
333 125 3
333 127 4
333 131 3
333 132 4
333 134 4
333 135 4
333 143 4
333 150 4
333 153 3
333 154 4
333 155 3
333 160 4
333 163 4
333 164 4
333 168 3
333 169 4
333 170 4
333 171 4
333 172 4
333 173 3
333 174 5
333 175 4
333 176 4
333 181 4
333 182 4
333 183 4
333 185 4
333 186 4
333 191 4
333 196 4
333 197 4
333 200 4
333 203 3
333 204 4
333 207 4
333 210 4
333 213 4
333 216 4
333 217 3
333 220 3
333 221 3
333 222 4
333 223 4
333 224 4
333 225 3
333 227 3
333 228 3
333 229 3
333 230 3
333 231 3
333 235 3
333 237 4
333 238 4
333 239 4
333 244 3
333 245 3
333 248 3
333 250 4
333 255 3
333 257 3
333 258 4
333 265 3
333 268 3
333 269 4
333 271 3
333 272 4
333 275 4
333 276 4
333 277 3
333 282 4
333 283 4
333 285 4
333 286 4
333 287 4
333 288 3
333 289 3
333 293 4
333 297 3
333 300 3
333 301 3
333 303 3
333 305 4
333 306 4
333 310 3
333 311 3
333 312 3
333 313 4
333 315 4
333 316 4
333 317 3
333 318 4
333 319 3
333 322 3
333 324 4
333 326 3
333 328 3
333 333 3
333 337 4
333 338 3
333 340 3
333 345 4
333 346 4
333 347 3
333 371 3
333 396 3
333 405 3
333 408 4
333 421 4
333 423 4
333 425 4
333 428 4
333 429 4
333 430 4
333 433 4
333 436 4
333 443 4
333 449 3
333 450 2
333 461 4
333 462 3
333 474 4
333 475 3
333 476 2
333 481 4
333 483 4
333 484 4
333 485 4
333 488 4
333 494 4
333 498 4
333 500 4
333 502 4
333 505 4
333 506 4
333 508 4
333 510 4
333 512 3
333 514 4
333 515 4
333 521 4
333 525 4
333 529 4
333 537 4
333 553 3
333 558 3
333 566 3
333 577 3
333 582 4
333 591 3
333 603 4
333 606 4
333 607 4
333 620 3
333 628 3
333 629 4
333 631 3
333 634 4
333 635 3
333 640 3
333 642 4
333 652 4
333 655 4
333 657 4
333 658 4
333 663 4
333 675 3
333 678 3
333 684 3
333 689 2
333 693 4
333 707 3
333 708 4
333 709 4
333 710 3
333 712 3
333 716 3
333 736 4
333 740 2
333 742 3
333 744 3
333 746 4
333 753 4
333 762 3
333 792 4
333 815 2
333 840 3
333 845 3
333 846 3
333 855 4
333 856 4
333 865 4
333 870 4
333 877 3
333 879 3
333 886 4
333 887 4
333 888 3
333 896 4
333 899 4
333 902 3
333 905 4
333 906 3
333 922 4
333 931 2
333 936 4
333 937 3
333 945 4
333 950 4
333 955 4
333 961 4
333 969 3
334 245 3
334 258 4
334 269 3
334 288 3
334 307 3
334 313 4
334 324 3
334 342 3
334 347 3
334 748 3
334 902 3
335 3 2
335 4 3
335 13 3
335 15 3
335 26 3
335 33 3
335 41 3
335 42 3
335 49 3
335 56 4
335 66 3
335 67 2
335 88 3
335 94 3
335 100 4
335 105 2
335 111 3
335 117 3
335 121 3
335 122 2
335 124 3
335 125 3
335 151 3
335 153 3
335 154 4
335 158 2
335 168 3
335 186 3
335 202 3
335 208 4
335 216 3
335 232 2
335 237 3
335 239 3
335 275 3
335 276 3
335 282 3
335 284 3
335 290 3
335 367 3
335 383 2
335 388 2
335 395 2
335 401 3
335 405 3
335 410 3
335 451 3
335 475 2
335 546 3
335 571 2
335 577 3
335 619 3
335 628 3
335 655 4
335 692 3
335 710 3
335 722 2
335 732 3
335 738 2
335 742 3
335 762 3
335 763 3
335 765 3
335 780 2
335 781 3
335 785 2
335 790 2
335 796 2
335 824 2
335 859 1
335 864 2
335 959 3
335 998 3
335 999 3
336 15 4
336 50 4
336 106 3
336 121 4
336 127 4
336 181 4
336 228 3
336 230 4
336 235 3
336 257 3
336 371 3
336 380 4
336 392 3
336 515 4
336 520 4
336 631 3
336 742 4
336 831 2
337 1 4
337 56 4
337 79 4
337 83 4
337 132 4
337 133 3
337 134 4
337 135 4
337 168 3
337 170 4
337 174 4
337 175 4
337 180 4
337 189 4
337 194 4
337 204 4
337 208 4
337 211 4
337 212 3
337 213 4
337 215 4
337 216 4
337 269 4
337 294 3
337 301 3
337 306 3
337 310 3
337 435 4
337 443 4
337 462 4
337 474 4
337 480 4
337 483 4
337 484 3
337 486 4
337 488 3
337 490 4
337 494 3
337 498 4
337 511 4
337 513 4
337 514 4
337 516 4
337 523 4
337 525 4
337 582 4
337 604 4
337 607 3
337 613 3
337 650 4
337 654 4
337 708 3
337 792 4
337 945 3
338 1 4
338 4 4
338 5 4
338 7 4
338 11 4
338 12 4
338 22 4
338 23 4
338 25 4
338 28 4
338 29 3
338 30 4
338 32 4
338 42 4
338 47 3
338 50 4
338 55 3
338 56 4
338 58 4
338 64 5
338 65 4
338 67 3
338 69 4
338 73 4
338 74 1
338 76 4
338 79 4
338 80 3
338 81 4
338 82 4
338 86 4
338 88 4
338 89 4
338 91 4
338 97 4
338 98 4
338 100 5
338 101 4
338 117 4
338 121 4
338 124 4
338 126 3
338 127 4
338 130 3
338 131 4
338 132 4
338 133 4
338 134 4
338 135 4
338 136 4
338 139 3
338 144 4
338 145 2
338 150 4
338 151 4
338 153 4
338 154 4
338 156 4
338 157 4
338 159 3
338 160 4
338 161 4
338 163 4
338 167 3
338 168 4
338 170 4
338 174 5
338 175 4
338 179 4
338 180 4
338 181 4
338 183 4
338 186 4
338 188 4
338 190 4
338 191 4
338 192 4
338 194 4
338 195 4
338 196 4
338 197 4
338 198 4
338 199 4
338 203 4
338 204 3
338 205 4
338 208 4
338 209 4
338 214 3
338 222 4
338 226 3
338 227 3
338 228 4
338 231 3
338 233 4
338 235 3
338 238 4
338 240 3
338 248 4
338 257 4
338 258 4
338 265 4
338 269 4
338 270 4
338 276 3
338 286 4
338 288 4
338 298 3
338 302 3
338 317 4
338 327 4
338 347 4
338 357 4
338 380 4
338 383 2
338 402 4
338 403 4
338 404 4
338 410 4
338 411 3
338 415 3
338 427 4
338 428 4
338 431 4
338 433 4
338 435 4
338 436 4
338 447 4
338 449 3
338 451 4
338 461 4
338 469 4
338 474 4
338 475 4
338 478 4
338 479 4
338 483 5
338 484 5
338 485 4
338 496 4
338 498 4
338 503 3
338 508 4
338 509 4
338 514 4
338 515 4
338 516 4
338 521 4
338 522 4
338 523 4
338 525 4
338 527 4
338 528 4
338 530 4
338 546 3
338 549 4
338 550 4
338 566 4
338 568 4
338 573 4
338 582 4
338 603 4
338 607 3
338 614 4
338 631 3
338 632 4
338 636 4
338 637 3
338 640 4
338 642 4
338 649 4
338 650 4
338 655 4
338 657 4
338 661 4
338 663 3
338 673 4
338 675 4
338 678 3
338 693 4
338 702 3
338 709 4
338 719 3
338 735 4
338 737 3
338 739 4
338 770 3
338 772 3
338 806 4
338 823 4
338 845 4
338 856 4
338 939 4
338 942 4
338 961 4
339 1 4
339 15 3
339 50 4
339 66 4
339 71 4
339 143 4
339 172 4
339 174 4
339 179 4
339 181 4
339 205 3
339 215 3
339 265 3
339 274 4
339 402 4
339 405 3
339 423 4
339 435 4
339 486 4
339 502 4
339 504 3
339 520 4
339 526 4
339 584 3
339 662 4
339 946 3
340 3 2
340 4 3
340 7 3
340 8 4
340 11 4
340 13 3
340 15 3
340 23 3
340 25 3
340 26 3
340 28 3
340 47 3
340 56 4
340 58 3
340 68 3
340 92 3
340 93 3
340 95 3
340 98 4
340 100 3
340 108 3
340 111 3
340 122 2
340 123 3
340 124 4
340 129 3
340 131 3
340 132 3
340 133 3
340 134 4
340 135 3
340 143 3
340 144 3
340 156 3
340 160 3
340 174 4
340 175 3
340 179 3
340 188 3
340 189 3
340 191 4
340 192 3
340 193 3
340 194 3
340 196 4
340 197 3
340 204 4
340 208 3
340 209 3
340 212 3
340 216 4
340 223 4
340 237 3
340 238 3
340 240 2
340 248 3
340 251 3
340 255 3
340 257 3
340 262 2
340 274 3
340 276 3
340 282 3
340 286 3
340 287 3
340 288 3
340 289 2
340 294 2
340 297 2
340 298 2
340 301 3
340 319 2
340 320 1
340 326 2
340 327 3
340 367 3
340 378 3
340 381 4
340 382 3
340 408 4
340 412 2
340 421 3
340 423 3
340 427 4
340 433 3
340 461 3
340 483 4
340 487 3
340 496 3
340 499 3
340 508 3
340 517 3
340 518 3
340 523 3
340 531 4
340 535 2
340 544 3
340 547 2
340 558 2
340 574 3
340 581 3
340 584 3
340 591 3
340 606 3
340 607 3
340 654 3
340 655 3
340 656 4
340 657 3
340 663 3
340 692 3
340 699 3
340 723 3
340 724 3
340 727 3
340 732 3
340 746 3
340 756 2
340 762 3
340 764 2
340 772 1
340 789 3
340 792 3
340 813 3
340 818 2
340 844 2
340 846 3
340 866 2
340 873 2
340 875 3
340 928 3
340 950 2
340 965 3
340 975 3
341 1 3
341 4 4
341 7 4
341 8 4
341 9 4
341 10 4
341 11 3
341 12 4
341 20 3
341 23 4
341 25 3
341 26 3
341 28 4
341 38 3
341 42 4
341 44 4
341 47 3
341 48 4
341 50 4
341 52 4
341 53 3
341 55 4
341 56 4
341 57 4
341 58 4
341 62 3
341 63 3
341 65 4
341 66 4
341 67 3
341 68 3
341 69 4
341 76 4
341 77 3
341 79 4
341 81 4
341 82 3
341 83 4
341 86 4
341 87 4
341 90 3
341 97 4
341 98 4
341 100 4
341 117 3
341 118 3
341 121 4
341 124 3
341 127 4
341 132 3
341 134 3
341 135 4
341 137 4
341 143 4
341 144 3
341 147 4
341 152 4
341 153 4
341 155 3
341 156 4
341 159 3
341 163 4
341 164 4
341 168 4
341 169 4
341 174 4
341 176 3
341 177 4
341 179 4
341 180 4
341 186 4
341 187 4
341 188 4
341 189 3
341 193 4
341 194 4
341 196 4
341 197 4
341 199 4
341 200 4
341 208 4
341 211 3
341 214 3
341 223 4
341 228 4
341 229 3
341 231 3
341 234 4
341 235 3
341 236 3
341 237 4
341 241 3
341 250 4
341 257 4
341 265 3
341 269 4
341 275 4
341 276 4
341 277 3
341 283 4
341 288 3
341 297 4
341 302 4
341 303 3
341 306 3
341 318 4
341 324 3
341 333 3
341 334 3
341 357 4
341 358 2
341 371 3
341 375 4
341 382 3
341 385 4
341 405 3
341 408 4
341 410 3
341 423 4
341 427 4
341 429 4
341 435 4
341 449 3
341 461 3
341 462 4
341 463 4
341 471 4
341 473 3
341 474 4
341 475 4
341 476 3
341 483 4
341 498 4
341 499 4
341 508 4
341 510 4
341 515 4
341 521 4
341 523 4
341 527 4
341 528 4
341 530 4
341 536 4
341 546 3
341 555 4
341 559 3
341 561 3
341 568 4
341 569 2
341 581 4
341 582 4
341 606 3
341 614 4
341 631 4
341 642 4
341 654 4
341 655 4
341 657 4
341 660 4
341 684 4
341 702 3
341 703 4
341 708 4
341 712 3
341 724 4
341 727 4
341 729 4
341 739 3
341 744 3
341 747 4
341 778 4
341 786 3
341 792 4
341 823 3
341 919 4
341 921 4
341 930 3
341 931 2
341 943 3
341 950 3
341 951 3
341 961 4
341 980 3
342 1 3
342 4 4
342 5 3
342 8 4
342 9 4
342 11 4
342 12 4
342 13 3
342 14 4
342 22 3
342 25 3
342 26 3
342 39 3
342 45 4
342 58 3
342 70 3
342 71 4
342 73 4
342 79 4
342 86 4
342 87 4
342 88 3
342 89 4
342 95 3
342 96 4
342 97 4
342 98 4
342 111 3
342 118 3
342 119 4
342 121 3
342 122 2
342 124 4
342 125 3
342 127 4
342 129 3
342 132 4
342 137 3
342 151 3
342 169 4
342 172 4
342 174 4
342 176 3
342 181 4
342 183 4
342 190 4
342 191 4
342 195 4
342 196 4
342 198 4
342 202 3
342 203 4
342 204 3
342 208 4
342 210 3
342 216 4
342 222 3
342 228 3
342 235 2
342 237 4
342 244 3
342 245 3
342 246 4
342 248 3
342 251 4
342 255 3
342 268 4
342 269 4
342 272 4
342 273 4
342 275 4
342 276 4
342 278 2
342 280 3
342 281 3
342 283 4
342 284 3
342 285 4
342 286 4
342 288 3
342 291 3
342 295 3
342 297 3
342 298 3
342 301 3
342 303 3
342 304 3
342 311 3
342 313 4
342 315 3
342 316 4
342 322 3
342 357 4
342 367 4
342 385 3
342 405 4
342 421 4
342 433 4
342 451 3
342 459 3
342 462 3
342 471 4
342 472 2
342 476 3
342 477 3
342 478 4
342 479 3
342 486 4
342 487 4
342 494 4
342 508 3
342 509 4
342 511 3
342 516 3
342 535 3
342 537 4
342 559 2
342 562 3
342 568 3
342 597 3
342 619 3
342 647 4
342 660 4
342 663 4
342 678 3
342 684 3
342 694 3
342 696 3
342 707 3
342 708 3
342 709 4
342 713 4
342 716 3
342 742 4
342 751 3
342 764 3
342 815 3
342 844 3
342 845 3
342 864 2
342 926 2
342 928 2
342 955 4
342 972 3
343 1 3
343 4 3
343 5 3
343 9 3
343 11 4
343 15 4
343 25 4
343 26 3
343 28 3
343 33 3
343 43 2
343 44 4
343 48 4
343 49 3
343 50 4
343 51 3
343 56 4
343 64 4
343 65 3
343 66 4
343 69 4
343 71 3
343 77 3
343 79 4
343 81 4
343 87 4
343 88 4
343 93 4
343 98 4
343 100 4
343 111 4
343 117 4
343 118 3
343 124 3
343 125 3
343 126 4
343 131 3
343 132 4
343 137 4
343 143 4
343 148 3
343 151 4
343 170 4
343 172 3
343 173 3
343 174 3
343 191 3
343 196 4
343 197 4
343 202 3
343 204 3
343 216 3
343 220 2
343 221 3
343 223 3
343 226 3
343 235 2
343 237 3
343 239 4
343 241 2
343 245 3
343 246 4
343 251 4
343 255 3
343 262 3
343 268 4
343 269 4
343 272 4
343 278 3
343 280 3
343 282 3
343 283 3
343 284 3
343 285 4
343 287 3
343 288 3
343 289 3
343 291 3
343 293 4
343 294 3
343 295 3
343 297 3
343 298 4
343 300 3
343 301 3
343 302 4
343 303 3
343 305 4
343 311 3
343 312 3
343 313 4
343 315 4
343 317 3
343 323 3
343 332 3
343 333 3
343 356 4
343 365 3
343 367 3
343 378 4
343 381 4
343 382 4
343 387 3
343 402 4
343 403 3
343 405 3
343 416 3
343 433 4
343 443 3
343 451 4
343 461 4
343 464 4
343 471 3
343 473 3
343 476 3
343 479 4
343 481 4
343 485 4
343 498 4
343 508 3
343 518 4
343 534 3
343 535 3
343 550 3
343 559 3
343 566 4
343 568 3
343 582 3
343 588 4
343 620 3
343 639 4
343 651 4
343 655 4
343 660 4
343 676 3
343 696 3
343 702 2
343 708 4
343 709 4
343 715 2
343 716 3
343 722 3
343 732 3
343 736 4
343 737 3
343 738 3
343 739 3
343 742 3
343 744 4
343 747 3
343 748 3
343 772 3
343 781 3
343 845 3
343 846 3
343 866 3
343 879 3
343 886 3
343 903 2
343 919 3
343 949 3
343 955 3
343 956 4
343 972 4
343 988 2
344 2 3
344 3 3
344 4 3
344 7 3
344 11 4
344 12 4
344 17 3
344 22 3
344 29 2
344 31 3
344 33 3
344 38 3
344 53 3
344 54 3
344 55 3
344 56 3
344 62 3
344 64 4
344 67 2
344 72 3
344 76 3
344 77 3
344 83 3
344 91 2
344 92 3
344 94 3
344 97 3
344 98 3
344 100 3
344 117 4
344 120 2
344 121 3
344 127 3
344 128 2
344 132 3
344 133 3
344 134 3
344 141 4
344 143 3
344 144 3
344 147 3
344 153 3
344 156 3
344 157 3
344 158 2
344 161 3
344 167 2
344 168 3
344 172 3
344 173 3
344 174 4
344 176 3
344 181 3
344 183 3
344 184 3
344 186 3
344 187 3
344 188 3
344 203 3
344 204 3
344 210 4
344 211 3
344 213 3
344 215 3
344 216 3
344 218 3
344 219 2
344 232 2
344 234 4
344 237 3
344 241 3
344 245 3
344 250 2
344 259 2
344 265 3
344 273 3
344 276 3
344 288 3
344 291 3
344 293 3
344 294 3
344 300 3
344 302 3
344 318 3
344 322 3
344 325 3
344 333 2
344 358 3
344 363 2
344 366 3
344 369 2
344 375 3
344 385 3
344 391 2
344 392 3
344 403 3
344 405 3
344 415 2
344 423 3
344 431 3
344 455 3
344 470 3
344 496 3
344 518 3
344 520 3
344 541 2
344 546 3
344 549 3
344 561 2
344 569 3
344 571 2
344 572 3
344 576 2
344 578 3
344 582 3
344 616 3
344 636 3
344 642 3
344 657 3
344 669 1
344 673 4
344 684 3
344 685 2
344 708 3
344 712 3
344 727 3
344 732 3
344 739 3
344 743 1
344 746 3
344 748 2
344 780 2
344 785 2
344 802 2
344 809 2
344 831 2
344 842 2
344 879 3
344 932 2
344 944 2
344 951 2
344 959 3
344 977 3
345 1 4
345 7 3
345 12 4
345 15 4
345 17 3
345 22 3
345 24 3
345 25 3
345 28 3
345 31 4
345 50 4
345 55 4
345 56 4
345 68 3
345 70 3
345 73 4
345 76 3
345 77 3
345 79 4
345 82 3
345 85 4
345 87 4
345 91 3
345 96 3
345 97 4
345 99 3
345 100 3
345 117 3
345 118 3
345 125 4
345 127 4
345 132 4
345 137 4
345 144 4
345 151 4
345 156 3
345 157 4
345 158 3
345 159 4
345 163 3
345 164 4
345 168 4
345 172 4
345 173 3
345 174 4
345 176 4
345 177 4
345 181 4
345 182 4
345 183 4
345 187 3
345 188 3
345 192 4
345 195 4
345 200 4
345 203 4
345 204 4
345 208 4
345 215 4
345 222 4
345 226 4
345 227 3
345 233 3
345 235 2
345 239 3
345 240 3
345 245 3
345 246 4
345 252 3
345 257 3
345 258 4
345 268 4
345 271 3
345 273 4
345 276 4
345 280 3
345 286 3
345 288 3
345 290 3
345 293 3
345 294 3
345 298 3
345 300 4
345 317 3
345 318 4
345 323 3
345 324 3
345 328 3
345 333 3
345 356 3
345 369 3
345 371 3
345 385 4
345 386 3
345 392 4
345 403 3
345 404 4
345 405 3
345 410 3
345 416 3
345 423 3
345 432 4
345 435 4
345 460 2
345 462 4
345 465 3
345 468 3
345 470 3
345 472 3
345 475 4
345 501 3
345 508 3
345 544 3
345 550 3
345 568 4
345 588 3
345 595 3
345 597 3
345 609 3
345 655 4
345 660 4
345 685 4
345 686 4
345 689 3
345 692 3
345 699 4
345 721 3
345 735 3
345 742 4
345 756 3
345 763 3
345 806 4
345 819 3
345 820 2
345 827 3
345 829 3
345 831 2
345 841 2
345 871 3
345 879 3
345 928 2
345 930 2
345 943 2
345 959 3
345 977 2
345 982 1
346 1 4
346 7 4
346 15 4
346 25 3
346 100 4
346 107 4
346 111 3
346 118 3
346 121 4
346 126 4
346 147 4
346 225 3
346 240 3
346 276 4
346 288 3
346 294 3
346 323 3
346 368 3
346 370 3
346 409 3
346 411 3
346 412 3
346 472 3
346 473 3
346 476 3
346 546 3
346 628 3
346 742 4
346 819 3
346 831 3
346 834 3
346 924 3
346 926 3
346 928 3
346 974 3
346 975 3
346 988 3
347 9 3
347 10 4
347 118 3
347 121 3
347 125 4
347 126 4
347 237 3
347 325 3
347 370 2
347 412 2
347 455 3
347 458 3
347 471 4
347 475 3
347 596 3
347 744 4
347 847 4
348 1 4
348 23 4
348 89 4
348 98 4
348 132 4
348 133 4
348 136 4
348 168 4
348 172 4
348 176 4
348 183 4
348 193 3
348 195 4
348 204 4
348 210 4
348 214 3
348 228 4
348 265 4
348 271 3
348 324 3
348 340 3
348 435 4
348 479 4
348 480 4
348 483 4
348 489 4
348 530 4
348 589 3
348 604 3
348 616 3
348 654 3
348 657 4
349 288 3
349 289 3
349 292 4
349 300 4
349 301 3
349 310 4
349 312 3
349 313 4
349 326 4
349 327 3
349 332 3
349 341 3
349 343 3
349 359 3
349 538 3
349 748 3
349 750 4
349 754 4
349 873 2
349 879 3
349 880 3
349 882 3
349 888 3
349 984 3
349 989 3
349 990 3
350 4 4
350 7 4
350 12 4
350 17 3
350 39 2
350 55 3
350 56 4
350 79 4
350 86 3
350 89 4
350 92 4
350 96 4
350 98 4
350 129 3
350 144 4
350 156 4
350 173 4
350 182 4
350 194 4
350 195 4
350 216 4
350 228 4
350 234 4
350 302 4
350 385 3
350 568 4
350 657 4
350 692 4
351 245 3
351 260 1
351 271 3
351 272 4
351 300 4
351 315 3
351 326 3
351 327 2
351 328 3
351 332 3
351 333 3
351 343 2
351 905 2
352 7 4
352 9 4
352 14 4
352 19 3
352 20 3
352 25 3
352 32 4
352 42 3
352 47 3
352 50 4
352 52 4
352 57 4
352 58 3
352 59 4
352 60 4
352 61 4
352 66 3
352 70 3
352 79 4
352 81 4
352 83 3
352 86 3
352 87 4
352 88 4
352 93 3
352 100 4
352 109 3
352 116 4
352 124 4
352 131 3
352 133 4
352 134 4
352 135 4
352 136 4
352 137 3
352 143 4
352 149 2
352 151 3
352 152 3
352 153 4
352 154 4
352 155 3
352 162 3
352 166 4
352 168 4
352 169 4
352 171 4
352 173 4
352 174 4
352 175 4
352 180 3
352 186 4
352 189 4
352 190 4
352 191 4
352 193 4
352 197 4
352 199 4
352 202 3
352 208 4
352 209 4
352 211 4
352 213 4
352 216 4
352 238 4
352 242 4
352 246 4
352 248 3
352 251 3
352 255 3
352 257 4
352 258 4
352 268 4
352 269 3
352 270 3
352 272 4
352 275 3
352 276 3
352 281 3
352 286 3
352 287 3
352 297 3
352 303 3
352 305 3
352 306 3
352 308 3
352 311 3
352 313 4
352 318 4
352 344 3
352 381 3
352 382 4
352 387 3
352 414 4
352 421 3
352 423 4
352 428 4
352 429 4
352 435 4
352 462 4
352 463 4
352 464 4
352 473 3
352 478 4
352 479 4
352 480 4
352 483 4
352 485 4
352 487 4
352 489 4
352 494 4
352 496 4
352 497 3
352 498 4
352 507 4
352 508 3
352 509 4
352 511 4
352 513 4
352 515 3
352 516 4
352 518 3
352 520 4
352 529 3
352 531 3
352 533 4
352 558 4
352 582 4
352 584 2
352 603 4
352 604 3
352 605 3
352 606 3
352 607 3
352 629 4
352 631 3
352 638 4
352 650 3
352 651 4
352 652 3
352 657 4
352 659 4
352 660 4
352 661 4
352 692 3
352 694 4
352 699 4
352 702 3
352 705 4
352 707 4
352 709 4
352 716 4
352 732 3
352 733 4
352 735 3
352 736 4
352 737 3
352 740 3
352 753 4
352 792 4
352 811 3
352 847 4
352 855 3
352 863 3
352 865 4
352 882 3
352 889 3
352 900 4
352 904 3
352 929 3
352 953 2
352 956 2
352 958 4
352 962 2
353 242 4
353 264 3
353 288 3
353 300 3
353 328 3
353 329 4
353 360 4
353 681 2
353 882 3
354 272 3
354 292 3
354 313 3
354 316 3
354 326 3
354 328 3
354 333 3
354 689 2
354 748 3
355 1 4
355 7 4
355 10 4
355 24 3
355 105 3
355 117 4
355 118 3
355 123 3
355 125 4
355 126 4
355 147 4
355 150 4
355 151 4
355 220 3
355 222 4
355 245 3
355 258 4
355 270 4
355 273 4
355 274 4
355 275 4
355 280 3
355 284 3
355 291 3
355 322 3
355 326 3
355 334 3
355 405 3
355 407 3
355 411 3
355 455 3
355 456 3
355 471 4
355 472 3
355 473 3
355 476 3
355 546 3
355 595 3
355 687 3
355 713 4
355 742 4
355 744 4
355 760 3
355 819 3
355 820 3
355 831 3
355 833 3
355 866 3
355 932 3
355 977 3
355 984 3
356 8 4
356 65 3
356 127 3
356 132 4
356 174 4
356 179 3
356 213 3
356 268 3
356 318 3
356 324 2
356 357 3
356 511 4
356 582 3
356 584 3
356 638 3
356 639 3
356 643 4
356 855 3
356 896 3
357 7 4
357 117 4
357 118 3
357 181 4
357 250 3
357 268 4
357 270 3
357 298 3
357 313 4
357 323 3
357 405 3
357 472 3
357 748 3
357 751 3
357 831 3
358 1 3
358 10 4
358 13 4
358 14 4
358 25 3
358 28 4
358 45 4
358 50 4
358 64 4
358 79 4
358 100 4
358 116 4
358 124 4
358 127 4
358 134 4
358 157 4
358 165 4
358 166 4
358 170 4
358 174 5
358 181 4
358 187 4
358 191 4
358 194 4
358 195 4
358 197 4
358 205 4
358 207 3
358 210 4
358 222 4
358 237 4
358 238 4
358 242 4
358 251 3
358 269 3
358 271 3
358 275 4
358 283 3
358 284 3
358 286 4
358 297 3
358 302 4
358 304 3
358 306 4
358 308 4
358 309 2
358 321 3
358 326 3
358 328 3
358 357 4
358 423 4
358 479 4
358 483 4
358 496 3
358 511 4
358 521 4
358 523 4
358 531 4
358 582 4
358 588 4
358 654 4
358 661 4
358 735 4
358 744 4
358 748 3
358 845 3
358 933 2
358 936 4
358 963 4
359 12 4
359 14 4
359 23 3
359 26 4
359 49 4
359 53 3
359 55 3
359 56 4
359 59 4
359 60 4
359 66 3
359 70 4
359 79 4
359 83 4
359 88 4
359 90 3
359 97 3
359 98 4
359 100 4
359 111 4
359 129 3
359 148 3
359 150 4
359 156 3
359 165 4
359 166 4
359 168 4
359 170 4
359 173 4
359 176 3
359 178 4
359 183 4
359 185 3
359 186 3
359 190 4
359 197 4
359 203 3
359 204 4
359 207 3
359 212 3
359 213 4
359 218 4
359 222 4
359 228 4
359 234 4
359 237 3
359 238 4
359 258 4
359 269 4
359 273 4
359 274 4
359 276 4
359 286 4
359 333 3
359 340 3
359 387 3
359 421 3
359 430 4
359 435 4
359 451 3
359 466 4
359 475 4
359 498 4
359 502 4
359 504 4
359 514 3
359 517 3
359 524 4
359 525 4
359 531 4
359 639 3
359 652 3
359 654 4
359 655 4
359 657 4
359 659 4
359 673 3
359 684 4
359 694 4
359 707 4
359 709 4
359 727 3
359 737 3
359 739 3
359 742 4
359 762 3
359 770 3
359 794 3
359 934 2
359 949 3
360 245 3
360 268 4
360 302 3
360 312 3
360 313 3
360 323 3
360 333 3
360 336 3
360 689 3
361 1 3
361 2 2
361 4 3
361 5 3
361 7 3
361 9 4
361 11 3
361 22 3
361 29 2
361 32 2
361 37 1
361 38 2
361 44 3
361 47 3
361 50 3
361 54 3
361 55 3
361 56 3
361 58 3
361 62 3
361 65 3
361 66 3
361 67 2
361 68 2
361 69 3
361 70 3
361 71 3
361 72 3
361 73 2
361 79 3
361 81 4
361 82 3
361 87 3
361 88 3
361 89 3
361 90 2
361 91 2
361 93 3
361 95 3
361 96 3
361 97 3
361 98 4
361 101 2
361 102 2
361 114 4
361 117 3
361 120 2
361 121 3
361 128 2
361 134 4
361 137 4
361 143 3
361 144 3
361 145 2
361 151 3
361 152 3
361 154 3
361 155 3
361 156 3
361 159 3
361 161 3
361 164 3
361 169 4
361 172 3
361 173 3
361 174 4
361 179 3
361 182 3
361 183 3
361 184 3
361 185 3
361 186 3
361 187 4
361 188 3
361 189 4
361 193 3
361 195 3
361 196 3
361 200 3
361 201 3
361 204 3
361 206 3
361 208 3
361 210 3
361 212 3
361 215 3
361 216 3
361 218 3
361 222 3
361 226 3
361 227 2
361 228 3
361 229 2
361 231 2
361 234 3
361 235 2
361 237 3
361 248 3
361 250 3
361 258 3
361 265 4
361 270 3
361 271 2
361 282 3
361 283 3
361 284 3
361 288 3
361 290 3
361 293 2
361 307 3
361 315 3
361 316 4
361 317 3
361 322 2
361 325 2
361 328 3
361 336 3
361 346 4
361 347 3
361 350 3
361 351 2
361 366 3
361 370 2
361 380 3
361 387 2
361 391 2
361 393 3
361 402 2
361 403 3
361 405 2
361 408 4
361 417 2
361 423 3
361 426 3
361 428 4
361 431 3
361 433 3
361 435 3
361 443 3
361 444 2
361 448 3
361 449 2
361 451 3
361 461 3
361 469 2
361 472 2
361 473 3
361 474 3
361 505 3
361 506 3
361 511 4
361 518 3
361 523 3
361 531 3
361 546 2
361 550 3
361 552 3
361 554 2
361 555 3
361 557 3
361 559 2
361 561 2
361 566 3
361 568 3
361 569 3
361 571 2
361 572 2
361 575 2
361 578 3
361 588 3
361 590 1
361 597 3
361 603 3
361 616 2
361 625 3
361 631 3
361 640 3
361 650 3
361 651 3
361 653 3
361 657 3
361 658 3
361 660 3
361 665 2
361 673 3
361 675 3
361 678 2
361 679 3
361 682 2
361 685 3
361 691 3
361 698 2
361 699 3
361 707 2
361 709 3
361 710 2
361 719 3
361 735 3
361 741 2
361 742 3
361 746 3
361 747 3
361 752 3
361 760 2
361 761 3
361 767 1
361 774 2
361 778 3
361 792 3
361 802 2
361 805 3
361 809 3
361 816 2
361 825 2
361 831 2
361 849 2
361 854 3
361 859 2
361 895 3
361 906 3
361 919 4
361 933 2
361 940 2
361 946 3
361 959 3
361 979 3
362 289 3
362 302 4
362 321 3
362 875 3
362 948 3
362 988 3
363 1 3
363 7 4
363 15 3
363 25 3
363 100 4
363 109 3
363 124 3
363 125 3
363 137 3
363 150 3
363 222 3
363 235 2
363 258 3
363 268 3
363 271 2
363 272 3
363 275 3
363 276 3
363 277 3
363 287 2
363 288 3
363 289 3
363 294 3
363 301 3
363 309 2
363 315 3
363 316 3
363 321 3
363 340 3
363 352 2
363 473 3
363 591 3
363 742 3
363 762 2
363 813 3
363 894 2
363 895 2
363 908 1
364 53 3
364 56 4
364 98 4
364 184 4
364 200 4
364 201 3
364 217 3
364 219 3
364 234 4
364 443 4
364 445 4
364 559 3
364 573 3
364 671 4
364 672 3
364 853 4
364 860 2
365 7 4
365 17 3
365 50 4
365 53 3
365 98 4
365 100 4
365 145 2
365 164 4
365 176 4
365 183 4
365 184 4
365 200 4
365 201 3
365 218 4
365 234 4
365 250 4
365 258 4
365 288 4
365 302 4
365 324 3
365 326 4
365 333 4
365 334 3
365 379 3
365 406 3
365 413 3
365 436 4
365 443 4
365 448 3
365 452 3
365 551 3
365 563 3
365 564 3
365 665 3
365 670 4
365 672 3
365 760 3
365 769 3
365 774 2
365 800 3
365 919 4
366 11 3
366 17 2
366 56 3
366 89 3
366 96 3
366 98 3
366 100 3
366 127 3
366 183 3
366 184 2
366 201 2
366 217 2
366 218 3
366 219 2
366 234 3
366 292 2
366 313 3
366 320 3
366 379 2
366 396 3
366 567 1
366 672 2
366 774 2
366 777 3
367 50 4
367 114 4
367 168 4
367 172 4
367 181 4
367 271 3
367 316 4
367 358 3
367 751 3
367 988 2
368 12 3
368 22 3
368 31 3
368 50 3
368 52 3
368 64 4
368 98 3
368 100 3
368 107 3
368 114 3
368 116 3
368 135 3
368 136 3
368 153 3
368 172 3
368 174 3
368 175 3
368 176 3
368 181 3
368 193 3
368 195 3
368 199 3
368 209 3
368 210 3
368 238 3
368 257 3
368 265 3
368 269 3
368 285 3
368 322 2
368 423 3
368 425 3
368 433 3
368 435 3
368 443 3
368 480 3
368 484 3
368 493 3
368 494 3
368 497 3
368 514 3
368 525 4
368 603 3
368 604 3
368 607 2
368 608 3
368 613 3
368 631 3
368 657 3
368 659 3
368 661 3
368 678 2
368 705 3
368 923 3
369 1 4
369 22 4
369 55 3
369 64 4
369 69 3
369 77 3
369 79 4
369 97 3
369 98 4
369 174 4
369 177 4
369 179 4
369 180 3
369 181 4
369 185 4
369 186 4
369 194 4
369 197 4
369 210 4
369 234 4
369 265 4
369 357 4
369 393 3
369 423 4
369 435 4
369 443 3
369 449 3
369 452 2
369 504 4
369 527 4
369 655 3
369 663 3
369 746 4
370 5 3
370 23 4
370 44 4
370 56 4
370 79 4
370 129 4
370 159 4
370 164 4
370 176 3
370 183 4
370 185 4
370 200 3
370 201 3
370 218 4
370 262 3
370 286 4
370 288 4
370 299 4
370 325 3
370 327 4
370 333 4
370 436 3
370 441 2
370 443 4
370 447 4
370 448 3
370 452 3
370 547 3
370 559 3
370 561 3
370 574 4
370 581 4
370 595 3
370 628 4
370 635 3
370 637 3
370 672 3
370 674 3
370 678 3
370 696 3
370 874 4
370 875 2
371 2 3
371 4 4
371 12 4
371 15 4
371 20 4
371 22 4
371 24 3
371 25 3
371 31 4
371 48 4
371 50 4
371 58 4
371 64 4
371 66 4
371 68 3
371 70 3
371 80 3
371 81 4
371 82 4
371 83 4
371 89 4
371 90 3
371 94 4
371 95 3
371 96 4
371 97 4
371 99 4
371 100 3
371 102 3
371 105 3
371 110 2
371 114 4
371 117 4
371 127 4
371 132 4
371 136 3
371 139 3
371 142 4
371 143 4
371 144 4
371 150 4
371 151 4
371 154 3
371 155 3
371 156 4
371 161 4
371 162 4
371 163 4
371 165 4
371 166 4
371 169 4
371 172 4
371 173 4
371 175 4
371 177 3
371 179 4
371 180 4
371 181 4
371 184 3
371 189 4
371 194 3
371 195 4
371 196 3
371 197 4
371 202 4
371 204 4
371 206 3
371 208 3
371 209 3
371 210 4
371 211 4
371 213 4
371 214 4
371 215 4
371 217 3
371 225 3
371 226 3
371 228 3
371 230 3
371 232 3
371 239 4
371 241 3
371 259 2
371 269 4
371 275 4
371 278 3
371 281 3
371 286 4
371 290 3
371 318 4
371 357 4
371 366 4
371 378 3
371 380 4
371 382 4
371 385 4
371 386 3
371 389 3
371 390 4
371 392 4
371 393 4
371 399 3
371 401 3
371 402 3
371 403 3
371 404 3
371 409 3
371 414 4
371 417 3
371 418 4
371 420 4
371 421 4
371 423 4
371 427 4
371 431 3
371 433 3
371 435 3
371 451 3
371 472 3
371 474 4
371 480 4
371 485 4
371 487 4
371 488 4
371 494 4
371 496 3
371 497 4
371 499 4
371 506 3
371 510 3
371 520 4
371 527 3
371 550 3
371 553 3
371 559 3
371 566 4
371 568 4
371 571 3
371 577 3
371 588 4
371 596 3
371 598 4
371 603 4
371 627 3
371 633 4
371 645 3
371 648 4
371 649 4
371 651 4
371 655 4
371 658 4
371 660 4
371 679 3
371 694 4
371 699 3
371 704 3
371 705 3
371 709 3
371 715 3
371 724 3
371 727 4
371 729 4
371 732 4
371 746 4
371 747 4
371 748 3
371 756 3
371 778 3
371 828 2
371 842 3
371 843 4
371 849 2
371 941 3
371 946 3
371 949 3
372 1 4
372 2 3
372 5 3
372 7 3
372 9 4
372 11 4
372 15 3
372 17 3
372 23 4
372 24 2
372 28 4
372 29 3
372 39 3
372 48 4
372 50 4
372 56 4
372 64 4
372 66 3
372 68 3
372 69 3
372 70 4
372 71 3
372 77 3
372 89 4
372 95 3
372 97 4
372 98 4
372 100 4
372 106 3
372 111 4
372 116 4
372 118 3
372 120 2
372 121 3
372 122 2
372 123 3
372 124 3
372 125 4
372 126 3
372 127 4
372 129 4
372 135 3
372 143 4
372 144 4
372 147 3
372 148 2
372 150 4
372 151 4
372 156 4
372 159 3
372 161 3
372 162 3
372 168 4
372 172 4
372 173 4
372 174 4
372 176 4
372 185 3
372 186 4
372 192 4
372 195 4
372 197 4
372 200 3
372 202 4
372 204 4
372 210 4
372 216 4
372 218 4
372 222 4
372 223 4
372 225 3
372 226 3
372 228 4
372 229 3
372 230 3
372 231 3
372 233 4
372 234 4
372 235 3
372 237 4
372 240 3
372 247 1
372 248 3
372 252 3
372 254 2
372 257 4
372 265 4
372 279 3
372 280 3
372 282 4
372 284 3
372 289 3
372 291 3
372 310 4
372 322 3
372 323 3
372 356 4
372 363 3
372 369 3
372 385 4
372 393 3
372 403 3
372 405 3
372 412 3
372 423 4
372 424 2
372 427 4
372 449 4
372 450 3
372 454 2
372 458 4
372 463 4
372 465 3
372 466 3
372 467 4
372 468 3
372 475 2
372 476 3
372 483 4
372 521 4
372 527 4
372 540 2
372 544 3
372 550 4
372 552 4
372 554 3
372 558 4
372 566 3
372 568 4
372 572 3
372 576 3
372 581 4
372 591 3
372 619 4
372 620 3
372 628 3
372 637 3
372 642 3
372 651 4
372 665 4
372 685 4
372 692 3
372 696 3
372 717 3
372 741 3
372 742 4
372 743 2
372 756 2
372 758 2
372 761 3
372 762 3
372 763 3
372 770 3
372 789 4
372 815 3
372 819 3
372 820 3
372 824 3
372 832 3
372 844 3
372 845 3
372 846 3
372 872 2
372 880 3
372 924 3
372 928 3
372 930 3
372 931 2
372 932 3
372 934 2
372 948 3
372 952 3
372 974 3
372 975 3
372 977 2
372 978 3
372 979 3
372 986 2
373 5 3
373 39 3
373 77 3
373 176 3
373 183 4
373 185 4
373 218 4
373 233 3
373 288 3
373 300 4
373 443 4
373 583 3
373 684 4
373 761 3
374 11 4
374 14 4
374 98 4
374 154 4
374 181 3
374 197 4
374 198 4
374 223 4
374 237 3
374 246 4
374 268 4
374 274 3
374 275 4
374 289 3
374 301 3
374 603 4
374 762 3
375 56 4
375 98 4
375 100 4
375 164 3
375 168 4
375 173 4
375 194 4
375 219 3
375 234 4
375 258 4
375 268 4
375 288 3
375 313 4
375 316 4
375 323 3
375 354 3
375 443 4
375 508 3
375 895 3
376 1 4
376 2 3
376 4 4
376 5 3
376 7 3
376 8 4
376 9 4
376 10 4
376 11 4
376 12 3
376 13 3
376 14 4
376 15 3
376 21 3
376 22 4
376 28 3
376 29 3
376 31 4
376 40 3
376 42 4
376 43 3
376 48 3
376 49 3
376 50 3
376 52 3
376 53 3
376 54 3
376 58 4
376 59 4
376 62 4
376 63 3
376 65 3
376 66 4
376 68 3
376 70 4
376 73 3
376 77 3
376 79 4
376 86 4
376 87 3
376 88 3
376 89 3
376 91 4
376 94 3
376 95 4
376 99 4
376 100 5
376 106 3
376 110 2
376 111 3
376 117 3
376 121 3
376 123 3
376 125 4
376 126 2
376 132 4
376 133 4
376 135 4
376 141 4
376 143 4
376 144 4
376 148 2
376 151 4
376 153 4
376 155 3
376 157 3
376 159 4
376 161 4
376 162 4
376 167 3
376 172 3
376 173 3
376 174 4
376 175 3
376 176 4
376 179 3
376 180 4
376 181 3
376 182 3
376 186 4
376 191 3
376 194 4
376 195 4
376 196 3
376 197 4
376 200 4
376 202 4
376 203 4
376 207 3
376 210 4
376 213 4
376 215 3
376 217 3
376 218 3
376 220 3
376 222 4
376 223 4
376 226 3
376 227 3
376 230 4
376 233 3
376 234 3
376 235 3
376 237 4
376 239 4
376 241 2
376 245 2
376 248 3
376 252 3
376 254 2
376 255 3
376 257 3
376 258 4
376 269 4
376 272 4
376 273 4
376 274 3
376 275 4
376 276 4
376 277 4
376 280 3
376 281 3
376 282 3
376 283 3
376 284 3
376 285 4
376 286 4
376 288 3
376 289 3
376 294 3
376 295 3
376 298 3
376 300 4
376 301 3
376 302 3
376 304 4
376 317 4
376 318 4
376 319 3
376 321 3
376 326 4
376 328 3
376 356 4
376 365 2
376 367 3
376 380 4
376 381 3
376 382 4
376 385 4
376 386 3
376 387 3
376 392 3
376 393 3
376 396 3
376 401 3
376 403 4
376 404 3
376 405 3
376 409 3
376 410 3
376 411 3
376 417 3
376 418 3
376 419 3
376 420 4
376 423 3
376 432 3
376 435 4
376 447 3
376 449 3
376 450 3
376 451 3
376 458 3
376 465 3
376 469 3
376 471 4
376 476 3
376 479 3
376 482 4
376 485 4
376 496 4
376 500 4
376 501 3
376 508 4
376 509 4
376 517 3
376 527 3
376 528 4
376 542 3
376 546 2
376 549 3
376 554 2
376 559 3
376 566 4
376 568 4
376 572 4
376 575 3
376 576 3
376 582 4
376 591 4
376 596 2
376 597 2
376 619 4
376 620 3
376 623 3
376 629 3
376 631 3
376 632 4
376 635 3
376 636 4
376 651 4
376 655 3
376 663 3
376 665 3
376 674 3
376 686 4
376 692 3
376 693 3
376 694 4
376 702 3
376 703 4
376 707 4
376 708 3
376 709 3
376 715 2
376 716 3
376 720 3
376 722 3
376 724 4
376 727 3
376 729 2
376 731 3
376 732 3
376 734 2
376 736 4
376 742 3
376 744 4
376 747 3
376 755 3
376 756 3
376 762 3
376 768 3
376 778 3
376 780 3
376 787 3
376 792 3
376 793 4
376 796 3
376 806 4
376 807 2
376 845 3
376 866 3
376 875 3
376 896 3
376 918 3
376 921 3
376 924 2
376 926 2
376 928 3
376 930 3
376 939 4
376 942 3
376 951 2
376 959 3
376 961 3
376 969 4
376 972 4
376 977 2
376 979 3
377 1 4
377 2 3
377 4 4
377 8 4
377 9 4
377 12 5
377 23 4
377 50 4
377 52 4
377 54 4
377 56 4
377 62 4
377 63 3
377 64 4
377 69 4
377 79 4
377 82 3
377 83 3
377 88 4
377 89 4
377 90 3
377 93 3
377 96 3
377 98 4
377 100 4
377 116 4
377 124 4
377 131 4
377 133 4
377 135 4
377 141 4
377 144 4
377 152 4
377 153 4
377 157 3
377 158 4
377 161 4
377 163 3
377 164 4
377 168 4
377 172 4
377 173 4
377 176 4
377 177 4
377 178 3
377 179 4
377 183 4
377 186 4
377 188 4
377 191 4
377 192 4
377 193 4
377 194 4
377 195 3
377 196 4
377 200 4
377 202 4
377 203 4
377 204 4
377 205 3
377 208 4
377 210 4
377 211 4
377 216 4
377 219 2
377 227 3
377 230 3
377 233 4
377 238 3
377 239 3
377 257 4
377 270 4
377 271 3
377 284 3
377 285 4
377 294 3
377 300 4
377 306 4
377 310 4
377 331 3
377 339 3
377 357 4
377 372 4
377 381 4
377 383 3
377 385 3
377 391 3
377 393 4
377 395 3
377 401 3
377 402 4
377 405 3
377 414 4
377 417 2
377 419 3
377 427 4
377 428 4
377 434 4
377 436 4
377 443 4
377 447 3
377 448 3
377 451 3
377 452 4
377 461 4
377 480 3
377 496 4
377 504 4
377 511 4
377 514 4
377 516 4
377 517 4
377 520 3
377 522 4
377 523 4
377 527 4
377 528 4
377 529 4
377 530 4
377 554 3
377 559 3
377 563 2
377 566 4
377 568 4
377 575 3
377 576 3
377 603 4
377 616 4
377 622 3
377 636 3
377 637 3
377 644 4
377 649 4
377 651 4
377 655 4
377 659 4
377 674 3
377 684 3
377 686 4
377 701 3
377 704 3
377 705 4
377 710 3
377 712 3
377 729 4
377 732 4
377 735 4
377 736 4
377 746 4
377 842 3
377 855 3
378 1 3
378 7 3
378 12 3
378 22 3
378 28 3
378 31 3
378 38 3
378 58 3
378 59 3
378 60 3
378 61 3
378 62 3
378 64 4
378 69 3
378 71 3
378 81 3
378 95 3
378 98 3
378 100 3
378 109 3
378 114 4
378 118 2
378 121 3
378 132 3
378 134 3
378 139 2
378 152 3
378 154 3
378 161 3
378 163 3
378 168 3
378 170 3
378 172 3
378 176 3
378 177 3
378 180 3
378 181 3
378 183 3
378 185 3
378 186 3
378 190 3
378 194 3
378 197 4
378 208 3
378 213 3
378 215 3
378 217 2
378 222 3
378 228 3
378 229 3
378 238 3
378 241 3
378 258 3
378 265 3
378 270 3
378 306 4
378 313 3
378 315 3
378 340 3
378 356 3
378 357 3
378 382 3
378 414 3
378 416 3
378 419 3
378 423 3
378 425 3
378 427 3
378 428 4
378 435 3
378 443 3
378 449 3
378 462 3
378 463 3
378 465 2
378 474 3
378 479 3
378 483 4
378 502 3
378 506 4
378 512 3
378 515 3
378 518 3
378 521 3
378 527 3
378 529 3
378 530 3
378 549 3
378 561 2
378 566 3
378 570 3
378 573 2
378 582 3
378 587 3
378 614 3
378 629 3
378 630 2
378 631 3
378 651 3
378 652 3
378 654 3
378 663 3
378 664 3
378 665 3
378 670 3
378 684 3
378 699 3
378 708 2
378 712 2
378 729 3
378 732 3
378 736 3
378 744 3
378 750 3
378 751 3
378 753 3
378 770 3
378 856 3
378 923 3
378 956 3
378 959 3
379 1 4
379 13 3
379 14 4
379 15 4
379 16 4
379 20 3
379 30 3
379 50 4
379 59 4
379 77 3
379 79 3
379 83 3
379 89 4
379 94 4
379 95 4
379 97 3
379 99 3
379 100 4
379 102 3
379 121 3
379 129 3
379 132 4
379 133 4
379 134 4
379 135 4
379 139 3
379 150 4
379 151 4
379 175 4
379 178 4
379 191 4
379 212 3
379 214 3
379 216 3
379 217 3
379 228 4
379 259 2
379 276 4
379 281 3
379 294 3
379 303 3
379 304 3
379 318 4
379 344 3
379 378 4
379 418 3
379 443 4
379 459 3
379 462 4
379 473 2
379 479 4
379 485 3
379 487 4
379 493 4
379 495 3
379 498 4
379 501 3
379 509 4
379 517 4
379 525 4
379 526 4
379 529 4
379 582 4
379 607 3
379 631 4
379 634 4
379 640 3
379 647 4
379 652 4
379 656 4
379 657 4
379 660 4
379 673 3
379 682 3
379 693 3
379 705 3
379 724 4
379 742 4
379 771 3
379 778 3
379 855 4
379 887 3
379 898 1
379 914 2
379 931 2
379 934 3
379 961 4
379 995 3
380 7 4
380 9 4
380 23 4
380 50 4
380 56 4
380 98 4
380 100 4
380 122 2
380 127 4
380 134 4
380 135 4
380 137 3
380 150 3
380 171 4
380 177 3
380 180 3
380 183 4
380 258 4
380 276 3
380 290 3
380 332 3
380 475 3
380 481 3
380 482 3
380 507 3
380 508 3
380 531 4
380 717 3
381 14 4
381 19 4
381 58 4
381 81 4
381 86 4
381 89 4
381 100 4
381 134 4
381 135 4
381 137 4
381 180 4
381 193 4
381 197 4
381 203 4
381 205 4
381 223 4
381 237 4
381 238 4
381 268 4
381 272 4
381 285 5
381 302 4
381 315 4
381 319 4
381 321 3
381 345 3
381 357 4
381 425 4
381 427 4
381 435 4
381 464 4
381 474 4
381 475 4
381 478 4
381 479 4
381 480 4
381 483 5
381 484 4
381 496 4
381 505 4
381 514 4
381 531 4
381 603 4
381 639 4
381 641 4
381 657 4
382 272 4
382 289 3
382 302 4
382 316 4
382 327 3
382 343 3
382 355 3
382 751 3
382 989 3
383 4 3
383 8 3
383 12 4
383 18 2
383 24 2
383 29 2
383 32 3
383 37 2
383 42 3
383 47 3
383 48 4
383 50 4
383 53 2
383 56 4
383 58 3
383 59 4
383 61 3
383 79 3
383 81 3
383 82 3
383 87 3
383 89 3
383 93 3
383 98 3
383 99 3
383 111 3
383 114 3
383 122 2
383 127 4
383 128 2
383 129 4
383 131 3
383 133 3
383 134 4
383 135 4
383 136 3
383 143 3
383 144 3
383 145 2
383 151 3
383 152 4
383 153 3
383 168 4
383 169 4
383 171 3
383 172 4
383 173 3
383 174 4
383 175 3
383 177 3
383 180 3
383 181 4
383 183 3
383 186 4
383 187 4
383 189 4
383 191 3
383 192 3
383 194 3
383 195 4
383 199 4
383 200 4
383 207 2
383 208 4
383 209 3
383 211 4
383 216 3
383 217 2
383 218 3
383 219 3
383 221 3
383 224 4
383 235 3
383 236 2
383 238 4
383 249 3
383 250 3
383 253 3
383 254 1
383 256 3
383 257 3
383 262 3
383 273 3
383 276 3
383 283 3
383 285 3
383 286 3
383 290 2
383 293 3
383 304 3
383 305 3
383 318 3
383 320 2
383 325 3
383 337 2
383 340 3
383 346 4
383 347 3
383 367 3
383 383 1
383 385 3
383 403 3
383 405 2
383 408 5
383 417 2
383 419 2
383 423 4
383 425 3
383 427 3
383 428 4
383 429 3
383 430 2
383 433 3
383 435 3
383 443 3
383 447 4
383 451 3
383 455 2
383 458 2
383 461 3
383 462 3
383 473 3
383 474 4
383 479 3
383 480 3
383 482 3
383 483 4
383 485 3
383 486 3
383 487 2
383 489 3
383 492 4
383 496 3
383 498 3
383 500 3
383 502 4
383 503 3
383 506 4
383 507 3
383 508 3
383 511 4
383 512 3
383 520 4
383 521 3
383 523 3
383 524 3
383 525 3
383 526 3
383 529 3
383 557 3
383 603 3
383 604 3
383 606 3
383 616 2
383 631 3
383 650 3
383 652 3
383 653 3
383 654 4
383 657 3
383 658 2
383 659 3
383 661 4
383 663 3
383 664 3
383 673 3
383 674 2
383 675 3
383 705 4
383 719 3
383 727 3
383 732 3
383 739 2
383 745 4
383 794 3
383 851 4
383 855 3
383 865 4
383 871 2
383 896 2
383 900 3
383 919 3
383 922 3
383 940 3
383 942 3
383 945 4
383 959 3
383 961 3
383 965 4
384 24 3
384 50 4
384 121 3
384 222 4
384 273 4
384 455 3
384 685 3
384 825 3
384 833 3
384 840 3
385 2 3
385 4 3
385 7 3
385 8 4
385 10 4
385 11 3
385 13 3
385 20 3
385 22 3
385 23 3
385 24 3
385 27 2
385 31 3
385 32 3
385 33 3
385 39 2
385 47 3
385 48 3
385 50 4
385 52 3
385 55 3
385 56 3
385 58 3
385 61 3
385 62 3
385 64 4
385 68 3
385 71 3
385 76 3
385 79 3
385 81 3
385 82 3
385 83 3
385 89 3
385 91 2
385 92 3
385 93 4
385 96 3
385 97 3
385 98 3
385 99 3
385 101 3
385 102 3
385 113 4
385 114 4
385 116 3
385 117 3
385 121 4
385 123 3
385 127 3
385 129 3
385 133 3
385 135 3
385 136 3
385 144 3
385 147 3
385 151 3
385 152 3
385 156 3
385 161 3
385 168 3
385 169 4
385 176 3
385 180 4
385 181 3
385 182 3
385 183 3
385 184 3
385 186 3
385 187 3
385 189 3
385 190 3
385 192 3
385 193 4
385 194 4
385 195 3
385 196 3
385 197 3
385 198 3
385 200 3
385 201 3
385 202 3
385 203 3
385 205 3
385 206 3
385 208 4
385 209 3
385 210 3
385 211 3
385 215 3
385 217 2
385 218 3
385 219 3
385 222 3
385 223 4
385 224 3
385 226 3
385 228 4
385 229 3
385 230 3
385 231 2
385 233 2
385 238 3
385 241 3
385 246 3
385 248 3
385 250 3
385 258 4
385 265 4
385 268 3
385 273 3
385 277 4
385 288 4
385 289 2
385 293 3
385 294 3
385 295 3
385 298 2
385 317 3
385 318 4
385 319 2
385 320 1
385 321 3
385 325 3
385 333 3
385 357 3
385 380 3
385 381 3
385 385 3
385 393 3
385 403 3
385 410 3
385 414 3
385 418 3
385 423 3
385 428 3
385 429 4
385 430 4
385 431 2
385 432 3
385 435 3
385 436 3
385 441 2
385 444 3
385 446 3
385 447 3
385 448 2
385 455 3
385 458 2
385 461 3
385 463 3
385 473 3
385 474 3
385 475 3
385 477 2
385 488 3
385 496 4
385 508 3
385 511 4
385 514 3
385 515 3
385 520 4
385 526 3
385 528 3
385 547 2
385 549 3
385 558 2
385 559 2
385 561 2
385 564 2
385 566 3
385 569 3
385 578 3
385 580 3
385 582 3
385 583 3
385 593 4
385 603 4
385 619 3
385 625 3
385 642 3
385 650 3
385 651 3
385 659 3
385 663 3
385 672 2
385 674 3
385 678 2
385 679 3
385 684 3
385 692 3
385 693 3
385 697 3
385 715 3
385 732 3
385 735 3
385 737 3
385 742 3
385 744 3
385 768 2
385 769 2
385 772 1
385 773 2
385 774 2
385 789 3
385 790 2
385 806 3
385 844 1
385 845 3
385 854 1
385 856 3
385 919 3
385 942 3
385 943 3
385 952 3
385 969 3
385 972 3
385 984 1
386 5 4
386 56 4
386 100 4
386 111 4
386 117 4
386 147 4
386 184 4
386 237 4
386 259 3
386 288 4
386 298 4
386 307 4
386 310 4
386 315 4
386 323 4
386 326 4
386 333 4
386 508 3
386 569 3
386 591 4
386 628 4
386 678 3
386 680 4
386 682 3
386 690 3
386 742 4
386 769 3
386 773 3
386 816 3
386 845 4
386 871 3
386 895 3
387 4 4
387 8 4
387 23 4
387 25 3
387 28 4
387 29 3
387 38 3
387 40 3
387 42 4
387 47 3
387 50 4
387 53 3
387 56 4
387 58 4
387 59 4
387 64 4
387 65 3
387 66 4
387 69 4
387 72 3
387 77 4
387 79 4
387 80 3
387 82 4
387 88 3
387 90 3
387 94 4
387 95 4
387 98 4
387 99 4
387 100 4
387 105 2
387 109 3
387 111 3
387 118 3
387 127 4
387 131 3
387 132 4
387 136 4
387 142 3
387 151 3
387 152 3
387 153 4
387 154 4
387 159 3
387 160 4
387 167 3
387 168 4
387 172 4
387 173 4
387 174 4
387 176 4
387 178 4
387 179 3
387 181 4
387 185 4
387 186 4
387 191 4
387 194 4
387 197 4
387 202 4
387 204 4
387 205 3
387 208 3
387 210 4
387 211 4
387 216 4
387 217 3
387 234 4
387 238 4
387 249 2
387 275 4
387 283 3
387 285 4
387 300 3
387 301 3
387 346 3
387 378 4
387 383 2
387 384 3
387 393 3
387 395 3
387 396 3
387 401 3
387 404 4
387 407 3
387 410 2
387 411 2
387 414 4
387 416 3
387 420 4
387 423 4
387 428 3
387 429 4
387 435 4
387 451 3
387 454 3
387 467 4
387 471 4
387 474 4
387 475 4
387 477 3
387 478 4
387 479 4
387 480 4
387 481 3
387 483 4
387 484 4
387 490 4
387 491 3
387 492 3
387 493 4
387 497 4
387 498 4
387 499 4
387 501 3
387 502 4
387 503 3
387 504 4
387 506 4
387 507 4
387 509 4
387 510 4
387 514 4
387 517 3
387 518 4
387 519 4
387 520 4
387 525 4
387 526 4
387 550 3
387 558 3
387 568 4
387 583 3
387 584 3
387 588 4
387 591 4
387 602 4
387 604 4
387 605 3
387 607 3
387 610 3
387 612 3
387 613 4
387 615 3
387 616 3
387 630 3
387 631 3
387 642 3
387 649 3
387 656 4
387 657 4
387 661 4
387 662 4
387 671 3
387 674 3
387 693 4
387 699 4
387 700 2
387 705 4
387 712 2
387 715 3
387 731 3
387 732 4
387 736 3
387 739 3
387 756 2
387 763 3
387 778 4
387 780 3
387 785 3
387 792 4
387 820 2
387 824 2
387 835 4
387 836 3
387 845 3
387 847 4
387 923 4
387 926 3
387 942 3
387 945 4
387 954 3
387 997 2
388 1 4
388 9 4
388 13 3
388 126 3
388 258 4
388 275 3
388 302 4
388 304 3
388 319 2
388 328 3
388 329 3
388 331 3
388 740 2
388 742 3
388 845 3
388 989 2
389 9 4
389 11 4
389 12 4
389 15 3
389 22 4
389 31 3
389 47 4
389 48 3
389 56 3
389 58 4
389 59 4
389 60 3
389 64 4
389 69 4
389 71 4
389 76 3
389 89 3
389 97 3
389 100 4
389 127 4
389 132 4
389 134 4
389 148 3
389 168 4
389 173 4
389 182 4
389 188 3
389 191 4
389 195 4
389 197 4
389 200 3
389 203 4
389 204 4
389 205 4
389 213 4
389 215 4
389 222 3
389 234 4
389 237 4
389 238 3
389 258 4
389 264 3
389 276 3
389 282 3
389 286 3
389 288 3
389 294 3
389 300 4
389 318 4
389 334 3
389 357 3
389 421 3
389 458 2
389 460 2
389 471 3
389 474 4
389 479 4
389 480 3
389 482 3
389 490 4
389 491 4
389 498 4
389 504 3
389 507 4
389 508 3
389 510 4
389 511 4
389 527 4
389 530 3
389 544 3
389 546 3
389 603 4
389 604 3
389 628 2
389 646 4
389 659 4
389 661 4
389 678 2
389 748 3
389 772 3
389 774 2
389 963 4
390 8 4
390 23 4
390 58 3
390 59 4
390 99 4
390 114 4
390 129 3
390 166 3
390 169 4
390 170 4
390 172 4
390 173 4
390 178 4
390 179 4
390 180 3
390 181 4
390 189 4
390 191 4
390 197 4
390 199 4
390 200 3
390 209 4
390 244 3
390 248 3
390 249 3
390 250 3
390 255 3
390 257 4
390 260 2
390 268 3
390 270 4
390 271 3
390 272 4
390 276 4
390 285 4
390 288 3
390 289 3
390 293 3
390 294 3
390 297 3
390 300 3
390 302 4
390 303 4
390 304 3
390 310 4
390 312 3
390 313 4
390 319 3
390 321 3
390 323 3
390 324 3
390 325 3
390 328 3
390 333 3
390 340 3
390 344 4
390 345 4
390 346 3
390 347 4
390 463 4
390 482 4
390 491 4
390 492 4
390 493 4
390 511 4
390 515 4
390 534 4
390 538 3
390 615 4
390 632 4
390 650 4
390 663 4
390 705 4
390 813 3
390 847 4
390 872 2
390 873 1
390 880 3
391 2 3
391 3 3
391 4 4
391 5 3
391 7 3
391 11 3
391 12 4
391 15 4
391 17 3
391 21 3
391 22 3
391 24 3
391 25 3
391 26 4
391 27 3
391 28 4
391 29 3
391 31 4
391 36 2
391 38 3
391 40 3
391 41 2
391 42 3
391 48 4
391 49 3
391 50 4
391 51 3
391 54 3
391 55 3
391 56 4
391 58 4
391 62 3
391 64 4
391 65 3
391 67 3
391 68 3
391 69 3
391 70 3
391 71 4
391 73 3
391 78 2
391 79 3
391 81 4
391 83 3
391 84 3
391 85 4
391 86 3
391 87 4
391 88 3
391 90 3
391 94 3
391 95 4
391 99 3
391 100 4
391 105 2
391 108 3
391 109 4
391 110 2
391 111 3
391 117 3
391 118 3
391 122 2
391 123 3
391 126 3
391 128 3
391 132 3
391 135 4
391 136 4
391 138 1
391 139 3
391 142 3
391 144 4
391 147 3
391 148 3
391 153 3
391 154 4
391 161 4
391 168 3
391 169 4
391 172 3
391 173 4
391 181 4
391 184 3
391 186 4
391 189 4
391 191 4
391 194 4
391 196 3
391 202 4
391 203 4
391 204 4
391 206 4
391 215 4
391 222 3
391 223 4
391 227 3
391 228 4
391 233 3
391 237 4
391 239 4
391 240 3
391 241 3
391 243 2
391 245 3
391 252 3
391 255 2
391 257 4
391 258 4
391 265 4
391 270 4
391 271 2
391 273 4
391 274 3
391 275 4
391 278 3
391 280 4
391 281 3
391 283 4
391 290 4
391 291 3
391 294 3
391 298 3
391 303 3
391 313 4
391 316 4
391 317 4
391 318 3
391 321 3
391 323 3
391 328 3
391 333 3
391 338 3
391 342 3
391 344 2
391 347 4
391 354 3
391 355 3
391 356 3
391 357 4
391 362 3
391 363 3
391 364 3
391 365 3
391 366 3
391 369 3
391 373 3
391 374 3
391 376 3
391 377 2
391 378 4
391 380 3
391 385 4
391 386 3
391 391 3
391 393 4
391 394 2
391 396 3
391 403 3
391 404 4
391 405 3
391 409 2
391 410 3
391 412 3
391 415 2
391 417 3
391 418 3
391 419 4
391 420 4
391 421 4
391 423 4
391 431 4
391 443 4
391 456 2
391 465 3
391 470 3
391 471 3
391 472 3
391 473 3
391 476 3
391 477 3
391 479 4
391 480 3
391 496 4
391 497 4
391 500 3
391 501 3
391 527 3
391 538 2
391 539 2
391 540 2
391 544 2
391 546 3
391 550 4
391 552 3
391 553 3
391 554 3
391 559 3
391 561 2
391 566 4
391 568 4
391 569 3
391 571 2
391 576 3
391 578 3
391 588 4
391 591 4
391 596 3
391 597 3
391 622 4
391 623 2
391 628 3
391 630 3
391 633 4
391 636 3
391 644 4
391 651 4
391 655 4
391 659 3
391 672 2
391 681 1
391 683 2
391 685 4
391 686 4
391 687 2
391 690 3
391 692 3
391 696 3
391 705 4
391 710 3
391 715 3
391 717 3
391 721 3
391 722 3
391 725 3
391 727 4
391 728 3
391 731 3
391 737 3
391 739 3
391 742 4
391 747 4
391 751 3
391 755 3
391 756 3
391 761 3
391 763 3
391 771 2
391 775 3
391 778 4
391 779 3
391 780 3
391 781 3
391 783 3
391 789 4
391 792 3
391 794 3
391 797 3
391 802 3
391 805 4
391 808 2
391 810 3
391 812 2
391 815 3
391 821 3
391 824 3
391 825 3
391 826 2
391 831 2
391 836 2
391 840 3
391 841 2
391 842 3
391 843 4
391 845 4
391 870 3
391 871 3
391 876 2
391 879 3
391 890 2
391 905 4
391 922 4
391 929 2
391 930 2
391 932 2
391 939 4
391 940 2
391 944 3
391 949 4
391 951 3
391 953 3
391 964 3
391 977 3
391 996 2
391 997 2
391 999 4
391 1000 3
392 1 4
392 7 4
392 28 4
392 31 4
392 38 3
392 39 3
392 42 4
392 56 4
392 63 3
392 68 3
392 72 3
392 73 3
392 79 4
392 84 4
392 88 4
392 96 4
392 97 4
392 98 4
392 101 3
392 117 4
392 121 4
392 128 3
392 132 4
392 144 4
392 154 4
392 156 4
392 158 3
392 161 4
392 164 4
392 172 4
392 174 5
392 179 4
392 181 4
392 184 3
392 195 4
392 208 4
392 210 4
392 216 4
392 217 3
392 218 4
392 222 4
392 226 3
392 227 3
392 229 3
392 230 3
392 232 3
392 233 4
392 238 4
392 250 4
392 257 4
392 265 4
392 282 4
392 288 4
392 313 4
392 364 2
392 383 2
392 385 4
392 386 3
392 411 3
392 416 4
392 419 4
392 423 4
392 433 4
392 449 4
392 450 2
392 455 4
392 496 4
392 508 3
392 540 3
392 541 3
392 550 4
392 552 4
392 554 3
392 559 3
392 561 3
392 568 4
392 576 3
392 578 4
392 597 3
392 655 4
392 658 4
392 665 3
392 679 3
392 746 4
392 763 3
392 771 3
392 773 3
392 780 3
392 797 3
392 802 3
392 979 4
393 1 4
393 50 4
393 64 4
393 89 4
393 97 4
393 98 4
393 100 4
393 121 4
393 151 4
393 154 3
393 174 4
393 186 4
393 196 4
393 210 4
393 216 4
393 237 4
393 252 3
393 255 3
393 257 3
393 273 3
393 313 4
393 315 4
393 328 3
393 342 3
393 343 3
393 423 4
393 458 2
393 472 2
393 632 4
393 739 3
393 892 2
393 924 2
394 1 4
394 9 3
394 25 3
394 100 4
394 106 3
394 117 4
394 121 4
394 125 4
394 222 4
394 237 4
394 245 3
394 260 3
394 274 3
394 291 3
394 300 4
394 322 3
394 328 3
394 329 3
394 333 4
394 405 3
394 455 3
394 471 4
394 591 4
394 619 3
394 678 3
394 717 3
394 751 4
394 840 3
394 930 3
394 977 2
394 986 2
395 7 3
395 8 4
395 23 4
395 56 4
395 95 4
395 100 4
395 108 3
395 109 3
395 117 3
395 127 4
395 134 3
395 135 3
395 156 3
395 171 3
395 172 4
395 174 4
395 177 4
395 178 4
395 181 4
395 183 4
395 192 4
395 194 4
395 197 4
395 210 4
395 221 3
395 223 4
395 261 2
395 268 3
395 286 3
395 288 4
395 302 4
395 313 4
395 318 3
395 322 3
395 324 3
395 325 3
395 327 3
395 334 3
395 338 2
395 340 3
395 345 4
395 346 3
395 390 4
395 423 4
395 457 2
395 475 3
395 479 4
395 483 4
395 498 4
395 513 4
395 588 3
395 615 4
395 641 4
395 657 4
395 680 2
395 705 4
395 748 3
395 751 3
395 853 4
395 855 4
395 878 2
395 894 2
395 896 3
395 988 2
395 989 3
395 991 2
396 4 3
396 12 4
396 13 4
396 15 4
396 25 3
396 28 3
396 31 4
396 47 3
396 49 2
396 50 4
396 56 3
396 58 4
396 63 3
396 64 4
396 65 3
396 66 3
396 69 4
396 70 3
396 72 2
396 73 3
396 82 4
396 85 4
396 88 3
396 94 3
396 95 4
396 117 4
396 124 4
396 125 3
396 126 3
396 127 4
396 144 4
396 152 3
396 154 4
396 159 3
396 162 3
396 163 3
396 167 3
396 168 4
396 172 4
396 173 3
396 174 4
396 178 4
396 181 4
396 182 3
396 183 4
396 186 4
396 191 4
396 194 4
396 196 3
396 197 4
396 199 4
396 202 4
396 203 3
396 204 4
396 205 3
396 211 4
396 216 3
396 227 3
396 228 4
396 229 2
396 230 3
396 234 4
396 235 2
396 239 4
396 274 3
396 276 3
396 284 3
396 357 4
396 385 3
396 393 4
396 399 3
396 403 3
396 414 3
396 417 3
396 423 4
396 429 3
396 430 3
396 432 3
396 435 4
396 474 4
396 476 2
396 479 4
396 480 3
396 481 3
396 485 3
396 491 4
396 493 4
396 494 3
396 495 3
396 496 4
396 497 4
396 498 3
396 501 3
396 502 4
396 504 3
396 510 4
396 514 3
396 519 4
396 520 4
396 521 3
396 525 4
396 588 4
396 589 4
396 591 3
396 602 3
396 648 3
396 654 3
396 663 3
396 692 3
396 700 3
396 710 2
396 715 2
396 732 3
396 735 3
396 737 2
396 756 2
396 796 3
396 953 3
396 969 3
396 991 2
396 993 3
397 2 3
397 5 3
397 8 3
397 9 3
397 15 3
397 22 3
397 26 3
397 31 3
397 33 3
397 38 2
397 41 2
397 42 3
397 48 3
397 53 2
397 55 3
397 56 3
397 57 3
397 58 3
397 62 2
397 63 2
397 66 3
397 67 2
397 68 3
397 69 3
397 71 3
397 72 3
397 73 3
397 77 3
397 79 3
397 80 2
397 84 3
397 91 3
397 94 3
397 95 3
397 97 3
397 98 3
397 99 3
397 102 2
397 110 2
397 114 3
397 117 3
397 118 2
397 121 3
397 127 3
397 128 3
397 132 3
397 140 2
397 143 3
397 144 3
397 147 3
397 148 3
397 153 3
397 154 3
397 155 2
397 156 3
397 157 3
397 161 2
397 164 3
397 172 3
397 173 3
397 174 3
397 175 3
397 179 3
397 180 3
397 181 3
397 186 3
397 187 3
397 188 3
397 195 3
397 196 3
397 203 3
397 204 3
397 210 3
397 214 2
397 215 3
397 219 2
397 223 3
397 226 3
397 227 2
397 228 3
397 229 3
397 230 3
397 231 2
397 233 3
397 234 3
397 237 3
397 238 3
397 239 3
397 241 3
397 264 3
397 265 3
397 268 4
397 273 2
397 274 3
397 276 3
397 282 3
397 284 2
397 288 3
397 289 2
397 291 3
397 295 2
397 301 2
397 307 3
397 318 3
397 323 2
397 332 3
397 338 2
397 340 2
397 364 1
397 372 3
397 378 3
397 382 3
397 383 2
397 384 2
397 385 3
397 386 3
397 388 2
397 389 2
397 393 3
397 399 3
397 400 2
397 401 3
397 402 3
397 403 3
397 405 2
397 407 2
397 412 2
397 413 1
397 418 3
397 420 3
397 423 3
397 431 3
397 432 3
397 436 3
397 444 2
397 450 2
397 451 3
397 452 3
397 454 2
397 455 2
397 459 3
397 470 2
397 471 3
397 475 3
397 486 3
397 496 3
397 501 2
397 506 3
397 508 3
397 527 3
397 531 3
397 542 2
397 543 2
397 544 2
397 546 3
397 549 3
397 550 3
397 551 1
397 554 2
397 559 3
397 564 2
397 566 3
397 568 3
397 575 2
397 576 2
397 578 3
397 582 3
397 587 2
397 588 3
397 591 3
397 597 2
397 616 3
397 622 2
397 628 3
397 633 3
397 651 3
397 655 3
397 673 3
397 679 3
397 684 3
397 693 2
397 697 2
397 710 2
397 720 2
397 722 3
397 727 3
397 732 3
397 735 3
397 738 3
397 742 3
397 744 3
397 747 3
397 754 3
397 755 3
397 760 2
397 763 3
397 768 2
397 769 2
397 772 2
397 774 1
397 779 3
397 781 3
397 806 2
397 809 3
397 813 2
397 817 2
397 824 2
397 825 2
397 826 2
397 845 3
397 924 2
397 926 2
397 928 2
397 941 2
397 946 3
397 959 3
397 969 2
397 975 3
397 977 2
397 986 1
398 258 4
398 286 3
398 288 3
398 294 3
398 300 4
398 304 3
398 332 3
398 689 3
398 690 3
399 9 3
399 11 3
399 13 3
399 14 3
399 25 3
399 26 2
399 44 3
399 50 3
399 64 4
399 65 3
399 69 3
399 70 3
399 71 3
399 83 3
399 97 3
399 100 3
399 117 3
399 127 3
399 133 2
399 135 3
399 143 3
399 144 3
399 147 3
399 151 3
399 153 3
399 154 3
399 157 3
399 161 3
399 162 2
399 172 3
399 173 3
399 174 3
399 181 3
399 194 3
399 196 3
399 197 3
399 198 3
399 199 3
399 202 3
399 204 3
399 210 3
399 225 2
399 248 3
399 257 3
399 272 3
399 273 3
399 275 3
399 276 3
399 280 2
399 282 3
399 294 2
399 302 3
399 312 2
399 315 3
399 316 4
399 321 2
399 322 2
399 328 2
399 342 2
399 356 2
399 357 3
399 365 2
399 371 2
399 385 3
399 404 3
399 430 3
399 435 3
399 451 3
399 462 3
399 471 3
399 473 2
399 477 2
399 478 3
399 481 3
399 483 3
399 485 3
399 486 3
399 493 3
399 499 3
399 501 2
399 507 3
399 508 3
399 509 3
399 511 3
399 515 3
399 519 3
399 520 3
399 527 3
399 528 3
399 535 3
399 553 3
399 566 3
399 582 2
399 588 3
399 603 3
399 604 3
399 609 2
399 630 2
399 632 3
399 638 3
399 651 3
399 654 3
399 655 3
399 659 3
399 661 3
399 684 3
399 707 3
399 724 3
399 735 3
399 748 2
399 762 2
399 815 2
399 866 3
399 892 2
400 7 4
400 9 4
400 10 4
400 12 4
400 13 3
400 16 3
400 19 3
400 25 3
400 42 4
400 50 4
400 111 3
400 116 3
400 117 4
400 124 4
400 126 3
400 127 3
400 135 4
400 151 4
400 182 4
400 204 4
400 235 3
400 237 4
400 245 3
400 255 3
400 257 4
400 273 3
400 276 3
400 286 4
400 455 3
400 471 3
400 475 3
400 476 3
400 479 4
400 480 4
400 483 4
400 511 4
400 515 4
400 529 4
400 628 4
400 696 4
400 864 3
