201 1 4
201 111 4
201 268 4
201 283 3
201 291 4
201 305 4
201 331 3
201 740 2
202 259 3
202 292 3
202 682 2
202 872 2
202 877 2
202 880 2
202 887 3
202 895 3
202 948 3
203 7 4
203 9 4
203 100 4
203 106 3
203 111 3
203 117 4
203 118 3
203 121 3
203 123 3
203 129 3
203 148 3
203 181 4
203 222 3
203 235 2
203 274 3
203 276 4
203 284 3
203 291 3
203 370 1
203 410 3
203 471 3
203 472 2
203 515 4
203 546 3
203 597 3
203 685 3
203 748 2
203 845 3
203 864 3
203 866 3
203 925 3
203 928 3
204 22 4
204 66 4
204 243 3
204 245 3
204 258 4
204 259 3
204 269 4
204 270 3
204 289 3
204 300 4
204 307 3
204 310 4
204 313 4
204 323 3
204 327 3
204 331 3
204 333 3
204 342 3
204 343 3
204 348 3
204 678 3
204 683 3
204 687 3
204 689 3
204 690 4
204 748 3
204 754 4
204 879 3
204 892 3
204 901 3
205 2 2
205 5 2
205 8 2
205 11 2
205 12 3
205 22 3
205 23 3
205 28 2
205 29 1
205 30 3
205 31 2
205 32 2
205 33 3
205 37 1
205 38 2
205 39 2
205 40 2
205 41 2
205 42 2
205 43 1
205 45 3
205 47 2
205 48 3
205 49 2
205 50 3
205 51 2
205 52 3
205 53 2
205 55 3
205 56 3
205 57 3
205 58 2
205 60 3
205 61 3
205 62 2
205 63 2
205 64 3
205 66 2
205 67 1
205 68 2
205 70 2
205 71 2
205 72 2
205 73 2
205 75 3
205 76 2
205 77 2
205 78 1
205 80 2
205 81 3
205 82 2
205 83 3
205 85 2
205 87 3
205 88 2
205 90 2
205 91 2
205 92 3
205 94 3
205 96 3
205 97 3
205 98 3
205 101 2
205 102 2
205 127 3
205 132 3
205 135 3
205 139 2
205 141 3
205 142 2
205 149 2
205 161 2
205 168 3
205 169 3
205 172 3
205 173 3
205 175 3
205 178 3
205 179 2
205 180 3
205 183 3
205 184 2
205 185 3
205 186 3
205 188 2
205 189 3
205 190 3
205 191 3
205 192 3
205 193 3
205 195 3
205 197 3
205 198 3
205 199 3
205 200 2
205 202 2
205 204 3
205 206 2
205 207 4
205 208 3
205 210 3
205 211 2
205 212 2
205 214 2
205 215 2
205 216 3
205 217 1
205 218 3
205 219 1
205 226 2
205 227 2
205 228 3
205 229 2
205 230 2
205 231 2
205 232 2
205 233 2
205 234 2
205 238 3
205 239 3
205 265 3
205 288 3
205 302 3
205 308 2
205 317 3
205 318 3
205 347 3
205 350 3
205 351 1
205 356 2
205 361 2
205 364 1
205 365 2
205 366 2
205 367 2
205 371 1
205 374 2
205 376 1
205 377 1
205 379 2
205 383 1
205 384 2
205 386 2
205 387 2
205 388 1
205 391 2
205 393 2
205 395 1
205 396 3
205 397 2
205 399 2
205 400 2
205 402 2
205 403 2
205 404 3
205 414 2
205 415 1
205 416 2
205 417 2
205 419 3
205 420 3
205 421 2
205 422 2
205 423 3
205 426 2
205 427 3
205 430 3
205 431 2
205 433 2
205 434 2
205 437 1
205 438 1
205 439 1
205 440 1
205 441 1
205 442 1
205 444 2
205 446 2
205 447 2
205 448 2
205 449 1
205 450 1
205 451 2
205 452 2
205 453 1
205 461 3
205 462 3
205 463 3
205 464 4
205 465 2
205 467 3
205 469 3
205 470 2
205 480 3
205 482 3
205 501 3
205 504 2
205 509 3
205 510 3
205 511 3
205 514 2
205 515 3
205 516 3
205 517 2
205 518 2
205 519 3
205 520 3
205 521 2
205 522 3
205 523 3
205 524 2
205 525 3
205 526 3
205 527 3
205 528 3
205 529 3
205 530 3
205 536 3
205 537 2
205 540 1
205 541 2
205 543 2
205 545 1
205 548 3
205 549 2
205 551 1
205 552 3
205 553 2
205 555 2
205 556 2
205 557 2
205 558 2
205 559 2
205 560 2
205 561 1
205 562 2
205 563 1
205 564 2
205 565 2
205 566 3
205 567 1
205 568 3
205 569 1
205 570 3
205 573 2
205 574 4
205 575 2
205 577 2
205 578 2
205 579 3
205 580 2
205 581 3
205 583 2
205 584 2
205 585 2
205 586 1
205 588 3
205 592 1
205 593 4
205 603 3
205 606 3
205 622 2
205 623 1
205 624 2
205 625 2
205 626 4
205 627 2
205 639 3
205 642 2
205 643 3
205 644 3
205 645 3
205 647 3
205 648 3
205 649 3
205 650 3
205 651 3
205 652 2
205 653 3
205 654 3
205 655 3
205 656 3
205 659 3
205 661 4
205 662 3
205 664 3
205 666 3
205 667 2
205 669 1
205 670 3
205 671 3
205 673 3
205 674 2
205 675 2
205 679 3
205 684 2
205 692 2
205 693 3
205 694 2
205 695 2
205 697 3
205 699 2
205 700 2
205 702 2
205 707 3
205 708 2
205 710 2
205 712 2
205 714 3
205 715 2
205 716 3
205 719 1
205 720 2
205 721 2
205 722 1
205 723 2
205 726 2
205 727 3
205 728 2
205 729 2
205 731 1
205 732 3
205 734 2
205 736 3
205 739 2
205 745 2
205 746 2
205 747 2
205 753 3
205 755 2
205 759 2
205 761 2
205 765 2
205 768 1
205 769 2
205 770 2
205 771 2
205 772 2
205 773 1
205 774 1
205 775 2
205 776 2
205 777 2
205 778 2
205 779 2
205 780 1
205 782 3
205 783 2
205 784 1
205 785 2
205 786 2
205 787 2
205 788 1
205 789 3
205 790 2
205 791 2
205 793 2
205 794 2
205 795 2
205 796 2
205 798 1
205 802 2
205 807 1
205 808 2
205 810 2
205 812 2
205 816 2
205 842 2
205 843 3
205 849 1
205 851 3
205 853 2
205 854 1
205 855 3
205 858 1
205 859 2
205 860 1
205 861 2
205 904 2
205 921 2
205 939 3
205 941 2
205 943 2
205 944 2
205 946 2
205 947 3
205 949 2
205 951 2
205 953 2
205 955 3
205 956 3
205 957 2
205 959 2
205 960 2
205 964 3
205 969 1
205 971 2
205 994 1
205 996 2
205 997 1
205 999 3
206 1 3
206 3 3
206 4 3
206 5 3
206 7 4
206 8 4
206 10 3
206 11 3
206 12 5
206 13 4
206 14 3
206 15 3
206 20 3
206 22 3
206 24 3
206 25 2
206 28 3
206 30 3
206 32 3
206 39 3
206 40 2
206 42 4
206 47 3
206 48 3
206 50 4
206 52 3
206 58 4
206 63 2
206 64 4
206 69 3
206 71 3
206 72 3
206 79 3
206 85 2
206 86 2
206 87 3
206 89 3
206 92 3
206 93 3
206 96 3
206 99 3
206 115 3
206 117 3
206 121 3
206 123 2
206 125 3
206 127 4
206 129 3
206 131 4
206 132 3
206 133 4
206 134 3
206 135 4
206 136 3
206 143 3
206 148 2
206 151 3
206 152 2
206 153 3
206 156 4
206 158 2
206 164 3
206 168 3
206 170 4
206 172 3
206 173 3
206 174 4
206 175 3
206 179 3
206 181 3
206 182 3
206 183 3
206 186 3
206 187 3
206 188 3
206 190 4
206 191 3
206 194 3
206 195 3
206 196 3
206 198 3
206 199 4
206 202 3
206 203 4
206 204 4
206 206 2
206 209 4
206 211 2
206 212 2
206 213 2
206 215 3
206 218 3
206 219 2
206 220 1
206 222 3
206 228 2
206 234 3
206 235 1
206 237 3
206 238 3
206 239 3
206 240 2
206 274 3
206 275 3
206 276 4
206 277 2
206 284 2
206 289 3
206 317 4
206 318 2
206 357 2
206 368 2
206 381 3
206 396 3
206 404 3
206 405 2
206 410 3
206 411 3
206 414 3
206 418 2
206 419 2
206 420 3
206 421 3
206 427 3
206 428 3
206 429 4
206 430 2
206 431 3
206 434 3
206 435 3
206 436 3
206 443 3
206 447 3
206 451 3
206 452 3
206 453 1
206 461 3
206 463 4
206 468 2
206 469 3
206 474 3
206 476 2
206 479 3
206 480 3
206 481 3
206 482 2
206 485 3
206 487 2
206 488 3
206 490 3
206 496 3
206 498 3
206 499 3
206 501 3
206 503 3
206 504 3
206 505 2
206 507 3
206 508 3
206 509 4
206 511 3
206 514 2
206 515 3
206 517 4
206 519 3
206 520 3
206 523 3
206 524 3
206 526 3
206 527 3
206 528 4
206 529 2
206 543 2
206 559 3
206 561 2
206 573 3
206 582 3
206 588 3
206 589 3
206 591 3
206 596 3
206 605 3
206 606 2
206 607 3
206 608 3
206 610 3
206 611 2
206 612 3
206 624 3
206 632 3
206 633 4
206 634 4
206 638 3
206 639 3
206 640 3
206 641 3
206 642 2
206 645 3
206 647 4
206 651 3
206 652 2
206 655 3
206 662 2
206 663 3
206 664 3
206 665 3
206 672 2
206 675 3
206 692 3
206 693 3
206 699 3
206 701 3
206 705 3
206 712 3
206 713 3
206 715 2
206 727 3
206 732 3
206 735 2
206 737 4
206 745 3
206 746 3
206 747 3
206 756 3
206 772 2
206 787 2
206 813 2
206 823 3
206 825 3
206 826 2
206 831 2
206 845 3
206 919 3
206 921 3
206 923 3
206 942 3
206 960 3
206 962 2
207 1 4
207 2 3
207 4 4
207 8 4
207 25 3
207 28 4
207 29 3
207 40 3
207 45 4
207 50 4
207 56 4
207 62 3
207 68 3
207 69 4
207 70 3
207 82 4
207 88 4
207 89 4
207 91 3
207 96 4
207 97 4
207 98 4
207 99 4
207 100 4
207 117 4
207 118 3
207 123 3
207 127 4
207 132 4
207 135 4
207 143 4
207 144 4
207 147 4
207 157 4
207 158 3
207 159 3
207 161 3
207 163 3
207 172 4
207 173 4
207 174 4
207 177 4
207 179 4
207 180 4
207 181 4
207 182 4
207 183 4
207 185 4
207 186 4
207 188 4
207 193 4
207 194 4
207 196 4
207 197 4
207 200 4
207 201 3
207 202 4
207 203 4
207 205 3
207 208 4
207 209 4
207 211 4
207 214 3
207 215 4
207 216 4
207 217 3
207 218 4
207 222 4
207 223 4
207 226 4
207 227 3
207 228 4
207 229 3
207 230 3
207 231 3
207 232 3
207 235 3
207 238 4
207 239 4
207 244 3
207 248 4
207 249 4
207 250 4
207 255 3
207 257 4
207 265 4
207 269 4
207 274 3
207 286 3
207 289 3
207 290 3
207 291 3
207 313 4
207 316 4
207 345 3
207 357 4
207 371 4
207 382 3
207 385 3
207 393 4
207 399 3
207 400 4
207 405 3
207 416 4
207 418 3
207 423 4
207 427 4
207 428 4
207 432 4
207 433 4
207 436 4
207 447 4
207 448 3
207 449 3
207 455 3
207 466 3
207 476 3
207 478 4
207 479 4
207 483 4
207 484 4
207 493 4
207 496 4
207 502 4
207 508 4
207 510 4
207 514 4
207 519 4
207 521 4
207 525 4
207 559 3
207 561 3
207 565 3
207 588 4
207 603 4
207 616 4
207 629 3
207 635 3
207 642 3
207 648 4
207 656 4
207 657 4
207 660 4
207 675 4
207 684 4
207 705 4
207 710 3
207 712 3
207 715 3
207 729 4
207 732 3
207 746 4
207 755 4
207 756 3
207 785 3
207 844 3
207 859 3
207 869 3
207 879 3
207 949 4
207 969 4
207 972 4
207 993 3
208 270 4
208 271 3
208 286 4
208 294 3
208 300 4
208 313 4
208 315 4
208 319 3
208 328 3
208 347 4
208 358 3
208 539 3
208 683 3
208 689 3
208 748 3
209 6 4
209 8 4
209 9 4
209 12 4
209 14 4
209 22 4
209 23 3
209 28 3
209 30 3
209 48 4
209 50 4
209 58 4
209 59 4
209 60 4
209 65 3
209 87 3
209 97 4
209 98 3
209 99 4
209 100 4
209 133 4
209 135 4
209 153 3
209 154 4
209 156 4
209 162 4
209 166 4
209 168 4
209 170 4
209 172 3
209 173 4
209 174 4
209 175 4
209 179 4
209 181 4
209 186 4
209 191 3
209 192 3
209 195 4
209 197 4
209 199 4
209 200 2
209 201 3
209 202 3
209 203 4
209 204 3
209 205 3
209 207 3
209 209 4
209 210 4
209 213 4
209 214 4
209 216 4
209 223 3
209 264 3
209 266 3
209 270 4
209 275 4
209 276 4
209 283 3
209 285 4
209 286 4
209 288 3
209 300 3
209 303 4
209 318 4
209 321 3
209 322 3
209 325 3
209 327 3
209 339 3
209 343 2
209 357 3
209 367 3
209 381 4
209 382 3
209 404 3
209 427 3
209 428 4
209 429 4
209 430 4
209 433 3
209 435 4
209 461 4
209 478 3
209 479 4
209 480 4
209 481 3
209 482 3
209 483 4
209 485 3
209 486 4
209 489 4
209 491 4
209 493 5
209 496 4
209 497 4
209 498 4
209 504 4
209 505 3
209 514 3
209 516 4
209 518 3
209 520 4
209 523 3
209 526 3
209 527 4
209 528 4
209 530 3
209 604 4
209 606 4
209 607 3
209 608 3
209 609 4
209 615 4
209 618 4
209 631 2
209 633 4
209 647 4
209 654 4
209 659 4
209 661 4
209 664 4
209 676 2
209 680 3
209 684 4
209 708 3
209 709 3
209 714 4
209 733 4
209 749 4
209 855 4
209 877 2
209 879 2
209 937 4
209 945 4
209 965 4
209 995 3
210 258 2
210 269 2
210 286 2
210 289 2
210 300 2
210 311 1
210 312 2
210 313 2
210 315 2
210 316 3
210 323 2
210 328 2
210 340 1
210 354 2
210 690 2
210 754 3
210 873 1
210 898 1
210 905 2
211 1 4
211 4 3
211 9 4
211 22 4
211 38 3
211 56 4
211 73 3
211 88 4
211 117 3
211 161 3
211 168 4
211 172 4
211 181 4
211 186 4
211 195 4
211 196 4
211 208 4
211 209 4
211 210 4
211 222 3
211 227 3
211 228 3
211 229 3
211 230 3
211 258 4
211 265 4
211 276 3
211 318 4
211 405 3
211 435 3
211 449 3
211 451 3
211 485 3
211 527 4
211 566 3
211 568 3
211 651 4
211 655 4
211 709 3
211 720 3
211 732 3
211 770 3
212 4 4
212 7 4
212 23 4
212 24 3
212 28 4
212 56 4
212 64 4
212 70 3
212 81 4
212 92 4
212 96 4
212 150 4
212 154 4
212 172 4
212 173 4
212 175 4
212 182 4
212 186 4
212 193 4
212 206 3
212 211 4
212 218 4
212 276 3
212 288 4
212 318 4
212 340 3
212 408 4
212 427 4
212 436 4
212 480 4
212 487 3
212 508 3
212 526 4
212 634 4
212 651 4
212 684 3
212 724 4
213 7 4
213 9 4
213 15 4
213 50 4
213 124 4
213 181 4
213 222 3
213 236 3
213 245 3
213 255 2
213 257 3
213 258 3
213 260 2
213 269 4
213 271 3
213 275 3
213 286 4
213 297 3
213 300 3
213 301 2
213 302 4
213 303 3
213 306 3
213 326 3
213 328 3
213 332 3
213 471 3
213 508 3
213 628 4
213 690 3
213 877 2
213 936 4
214 100 4
214 258 4
214 260 3
214 294 3
214 300 3
214 301 3
214 302 4
214 325 3
214 340 3
214 343 3
214 678 3
214 748 3
215 56 4
215 185 4
215 195 4
215 243 2
215 269 3
215 322 3
215 323 3
215 328 3
215 432 3
215 531 3
215 748 2
215 754 4
216 1 4
216 2 4
216 7 4
216 8 4
216 9 4
216 10 3
216 11 4
216 12 4
216 13 4
216 14 4
216 21 3
216 22 4
216 24 3
216 25 3
216 27 3
216 28 4
216 29 3
216 31 4
216 32 4
216 36 4
216 38 3
216 41 3
216 42 3
216 43 3
216 44 4
216 49 3
216 50 4
216 51 3
216 53 3
216 54 4
216 55 3
216 56 4
216 58 4
216 64 4
216 65 4
216 66 3
216 67 3
216 69 4
216 70 4
216 71 4
216 73 4
216 77 4
216 81 3
216 82 4
216 83 4
216 85 3
216 86 3
216 87 4
216 88 4
216 90 4
216 92 4
216 93 4
216 94 4
216 97 4
216 98 4
216 99 4
216 105 3
216 106 4
216 107 4
216 117 4
216 121 4
216 123 3
216 125 3
216 126 4
216 127 4
216 132 4
216 133 4
216 134 4
216 136 4
216 137 4
216 140 3
216 142 3
216 143 4
216 144 4
216 148 3
216 154 4
216 155 3
216 156 4
216 157 4
216 158 3
216 159 4
216 161 3
216 168 4
216 172 4
216 174 4
216 176 4
216 178 3
216 181 4
216 182 4
216 183 4
216 185 4
216 187 4
216 191 3
216 194 3
216 195 4
216 196 4
216 197 4
216 199 4
216 200 3
216 202 3
216 203 3
216 204 4
216 209 4
216 210 4
216 211 5
216 213 4
216 215 4
216 216 4
216 217 3
216 219 4
216 220 2
216 225 4
216 226 4
216 230 4
216 234 4
216 237 4
216 238 4
216 239 4
216 240 2
216 241 4
216 242 4
216 245 3
216 246 4
216 248 4
216 249 4
216 250 4
216 251 3
216 252 3
216 253 4
216 254 3
216 257 4
216 258 4
216 259 3
216 264 3
216 266 3
216 268 4
216 272 4
216 274 4
216 275 3
216 276 4
216 277 3
216 281 3
216 283 4
216 284 3
216 285 4
216 286 4
216 287 3
216 288 4
216 289 3
216 294 3
216 295 4
216 297 4
216 298 3
216 301 3
216 304 4
216 307 3
216 312 3
216 313 4
216 315 4
216 316 4
216 317 3
216 318 4
216 319 4
216 322 3
216 323 4
216 326 2
216 327 4
216 328 4
216 329 3
216 331 3
216 332 3
216 333 3
216 338 2
216 339 4
216 346 4
216 347 4
216 348 3
216 354 3
216 356 4
216 357 4
216 364 3
216 366 4
216 367 4
216 369 2
216 375 4
216 378 3
216 385 3
216 388 4
216 393 4
216 395 4
216 396 3
216 399 4
216 401 3
216 402 4
216 403 4
216 404 4
216 405 3
216 411 3
216 412 3
216 417 3
216 418 3
216 419 3
216 423 4
216 425 4
216 427 4
216 431 3
216 432 3
216 433 4
216 443 4
216 448 4
216 451 4
216 452 3
216 462 4
216 463 4
216 468 3
216 469 4
216 471 4
216 472 3
216 473 3
216 475 3
216 476 3
216 479 4
216 480 4
216 496 4
216 498 4
216 500 4
216 501 4
216 506 4
216 509 4
216 515 4
216 526 4
216 531 4
216 532 4
216 538 2
216 546 4
216 549 4
216 553 4
216 554 3
216 559 3
216 560 3
216 564 3
216 568 4
216 576 3
216 578 3
216 585 3
216 588 4
216 591 4
216 592 3
216 607 2
216 614 4
216 619 3
216 625 3
216 627 3
216 628 4
216 633 3
216 651 4
216 652 4
216 657 4
216 658 4
216 660 4
216 662 4
216 676 3
216 678 3
216 682 3
216 684 4
216 685 3
216 686 4
216 689 2
216 690 4
216 693 4
216 696 4
216 699 4
216 707 3
216 708 3
216 710 3
216 712 3
216 713 4
216 717 3
216 720 3
216 721 3
216 723 3
216 724 4
216 729 3
216 734 4
216 735 4
216 737 3
216 738 3
216 739 3
216 746 4
216 747 4
216 748 3
216 750 4
216 754 4
216 755 4
216 761 4
216 762 3
216 768 3
216 770 3
216 775 3
216 778 3
216 781 3
216 783 4
216 785 3
216 790 3
216 792 4
216 794 3
216 795 3
216 803 4
216 807 2
216 812 3
216 815 3
216 819 4
216 821 4
216 824 3
216 827 3
216 833 3
216 834 3
216 840 3
216 842 3
216 843 4
216 845 3
216 849 3
216 864 3
216 866 4
216 873 2
216 874 4
216 879 3
216 895 3
216 915 4
216 916 3
216 917 4
216 918 3
216 928 3
216 929 3
216 931 2
216 934 3
216 936 3
216 937 3
216 938 3
216 941 4
216 955 4
216 959 4
216 966 2
216 972 3
216 975 3
216 980 3
216 985 3
216 990 3
216 997 4
217 1 3
217 3 2
217 5 3
217 7 3
217 11 4
217 12 3
217 13 3
217 15 3
217 16 3
217 17 3
217 20 3
217 23 3
217 27 3
217 29 2
217 32 3
217 39 3
217 42 3
217 44 2
217 47 3
217 50 4
217 51 2
217 55 3
217 56 3
217 58 3
217 62 3
217 63 3
217 64 4
217 65 3
217 67 2
217 68 3
217 69 3
217 70 3
217 72 3
217 73 3
217 77 3
217 78 2
217 79 3
217 80 3
217 81 3
217 82 3
217 83 3
217 89 3
217 91 3
217 95 3
217 96 3
217 97 3
217 98 3
217 99 3
217 100 4
217 101 3
217 106 3
217 109 3
217 118 3
217 120 2
217 122 1
217 123 3
217 125 2
217 127 3
217 131 3
217 132 3
217 135 3
217 139 3
217 142 2
217 144 3
217 145 1
217 147 3
217 154 3
217 157 3
217 159 3
217 162 2
217 164 3
217 167 2
217 168 3
217 169 3
217 171 3
217 172 3
217 173 3
217 174 3
217 176 3
217 178 3
217 179 4
217 181 3
217 182 3
217 183 3
217 184 3
217 186 3
217 190 3
217 195 3
217 196 3
217 198 3
217 200 3
217 201 3
217 202 3
217 206 2
217 207 4
217 208 3
217 214 3
217 216 3
217 217 3
217 218 3
217 219 2
217 222 3
217 223 3
217 226 3
217 228 3
217 232 3
217 234 3
217 235 2
217 242 3
217 245 3
217 246 3
217 248 3
217 250 3
217 252 3
217 255 4
217 257 4
217 258 4
217 260 2
217 264 3
217 265 3
217 270 4
217 273 2
217 286 3
217 288 3
217 290 3
217 293 3
217 294 2
217 298 3
217 323 3
217 324 1
217 325 4
217 326 3
217 340 3
217 357 3
217 358 3
217 364 1
217 367 3
217 373 3
217 380 3
217 382 3
217 385 3
217 386 2
217 388 3
217 391 2
217 392 3
217 393 3
217 395 2
217 396 3
217 399 3
217 402 4
217 403 3
217 404 4
217 413 1
217 419 3
217 420 3
217 421 3
217 422 2
217 423 3
217 425 3
217 428 4
217 431 3
217 433 3
217 436 4
217 441 1
217 444 3
217 447 3
217 449 3
217 451 3
217 452 3
217 461 3
217 465 3
217 472 2
217 474 3
217 475 3
217 483 3
217 484 4
217 485 4
217 498 3
217 501 3
217 508 3
217 513 3
217 518 4
217 541 2
217 544 2
217 545 1
217 546 2
217 551 1
217 552 3
217 555 3
217 559 3
217 561 2
217 562 3
217 563 2
217 574 4
217 578 3
217 579 3
217 582 3
217 596 3
217 597 2
217 614 3
217 616 3
217 625 3
217 628 3
217 631 3
217 636 3
217 638 4
217 640 3
217 642 3
217 655 4
217 658 3
217 665 2
217 668 3
217 669 2
217 674 2
217 679 3
217 684 3
217 685 3
217 692 3
217 708 3
217 709 3
217 710 2
217 715 3
217 723 3
217 725 3
217 727 4
217 728 3
217 732 3
217 742 3
217 746 3
217 747 3
217 748 3
217 758 2
217 762 3
217 764 3
217 765 3
217 767 3
217 769 3
217 774 1
217 778 3
217 781 3
217 783 3
217 792 3
217 796 3
217 797 3
217 800 2
217 804 2
217 809 3
217 810 2
217 815 3
217 825 2
217 827 3
217 831 2
217 849 2
217 855 3
217 871 2
217 895 3
217 923 4
217 928 3
217 940 2
217 943 3
217 944 3
217 946 2
217 963 4
217 979 3
217 999 3
217 1000 2
218 258 3
218 269 3
218 288 2
218 301 2
218 302 3
218 313 4
218 327 2
218 328 3
218 331 2
218 362 2
218 750 2
218 895 2
218 899 3
219 50 5
219 79 4
219 89 4
219 100 5
219 173 4
219 181 4
219 223 4
219 257 4
219 275 4
219 286 4
219 405 4
219 478 4
219 488 4
219 615 4
219 617 4
219 705 4
220 19 3
220 86 3
220 100 4
220 116 3
220 137 4
220 251 4
220 275 4
220 283 4
220 302 4
220 319 3
220 331 3
220 408 4
220 475 3
220 478 4
220 508 3
220 513 4
220 603 4
220 750 4
220 753 4
221 4 4
221 7 4
221 11 4
221 12 4
221 50 4
221 56 4
221 82 3
221 87 4
221 89 4
221 96 4
221 100 4
221 117 4
221 124 4
221 127 4
221 129 4
221 144 4
221 156 3
221 164 4
221 172 4
221 174 4
221 175 4
221 176 4
221 182 4
221 183 4
221 185 4
221 194 4
221 200 4
221 213 4
221 218 4
221 219 3
221 238 3
221 302 4
221 333 3
221 443 4
221 448 3
221 466 4
221 516 4
221 517 4
221 653 4
221 657 4
221 672 2
221 709 4
221 879 3
221 914 3
221 915 4
222 1 3
222 15 4
222 50 4
222 53 2
222 98 4
222 100 4
222 109 3
222 117 3
222 124 3
222 126 4
222 127 4
222 129 3
222 137 4
222 151 3
222 181 4
222 184 3
222 200 3
222 201 3
222 217 3
222 219 3
222 222 4
222 235 2
222 250 3
222 257 4
222 258 3
222 260 2
222 270 3
222 273 4
222 276 4
222 286 3
222 287 4
222 288 3
222 293 3
222 294 3
222 299 3
222 307 2
222 324 3
222 326 3
222 327 3
222 334 3
222 370 1
222 379 3
222 396 3
222 410 3
222 436 3
222 447 4
222 448 4
222 452 3
222 458 2
222 475 4
222 477 3
222 515 4
222 551 2
222 558 3
222 559 2
222 561 2
222 590 1
222 665 3
222 670 3
222 671 4
222 672 3
222 682 3
222 742 4
222 760 2
222 854 4
222 867 3
222 919 3
222 922 3
222 926 2
223 9 3
223 15 3
223 127 3
223 148 3
223 237 3
223 245 2
223 258 3
223 269 4
223 272 3
223 276 3
223 282 3
223 286 3
223 299 3
223 300 3
223 304 3
223 307 2
223 310 3
223 313 4
223 315 3
223 322 2
223 323 3
223 326 3
223 327 3
223 328 3
223 329 3
223 333 3
223 340 3
223 344 3
223 347 3
223 355 3
223 471 3
223 546 2
223 591 3
223 628 3
223 678 2
223 689 3
223 696 3
223 744 3
223 748 2
223 750 3
223 754 3
223 823 2
223 879 3
223 898 3
223 924 2
223 977 2
224 1 4
224 14 3
224 15 4
224 25 4
224 50 4
224 100 4
224 115 4
224 127 4
224 151 4
224 172 4
224 243 3
224 261 2
224 275 4
224 288 3
224 289 3
224 310 4
224 323 3
224 333 3
224 427 4
224 508 4
224 538 3
224 681 2
224 683 3
224 689 3
224 882 2
225 1 3
225 2 3
225 7 3
225 17 2
225 22 3
225 24 3
225 32 3
225 38 2
225 39 3
225 53 2
225 55 3
225 62 3
225 68 3
225 79 3
225 82 2
225 83 3
225 98 3
225 100 4
225 117 3
225 118 2
225 121 3
225 124 3
225 127 4
225 144 3
225 147 3
225 156 3
225 168 3
225 171 3
225 172 3
225 174 3
225 176 3
225 177 3
225 178 3
225 180 3
225 183 4
225 185 3
225 187 4
225 188 3
225 191 3
225 195 3
225 198 3
225 200 3
225 201 2
225 204 3
225 207 3
225 209 3
225 210 3
225 218 3
225 222 3
225 227 3
225 229 2
225 230 2
225 231 2
225 232 3
225 234 3
225 241 3
225 244 3
225 250 2
225 252 2
225 257 3
225 259 1
225 271 2
225 272 4
225 273 2
225 281 2
225 286 3
225 288 3
225 298 2
225 302 3
225 305 3
225 307 3
225 310 3
225 313 3
225 316 4
225 318 3
225 322 2
225 323 2
225 324 3
225 325 3
225 327 2
225 333 3
225 338 2
225 340 3
225 343 2
225 346 3
225 355 3
225 357 4
225 358 2
225 362 3
225 363 3
225 379 3
225 385 3
225 398 2
225 424 1
225 429 4
225 445 3
225 447 3
225 448 2
225 452 3
225 474 3
225 475 3
225 491 3
225 515 3
225 520 3
225 522 3
225 529 3
225 538 2
225 540 3
225 550 2
225 562 3
225 566 3
225 568 3
225 573 3
225 576 2
225 583 2
225 590 1
225 597 2
225 636 2
225 669 1
225 670 3
225 675 4
225 678 2
225 679 3
225 686 2
225 690 3
225 748 2
225 750 3
225 751 3
225 759 2
225 823 3
225 825 3
225 831 2
225 841 2
225 853 4
225 877 2
225 879 2
225 895 2
225 912 2
225 943 2
225 976 1
226 23 4
226 50 4
226 98 4
226 99 4
226 133 4
226 134 4
226 135 4
226 168 4
226 174 4
226 178 4
226 182 4
226 185 4
226 191 4
226 196 4
226 197 4
226 199 4
226 200 3
226 204 4
226 208 4
226 211 4
226 318 4
226 418 3
226 427 4
226 428 3
226 430 4
226 432 4
226 435 4
226 474 4
226 478 3
226 480 4
226 483 4
226 486 4
226 488 4
226 490 4
226 491 4
226 492 4
226 493 4
226 494 4
226 504 4
226 505 4
226 510 4
226 511 3
226 524 3
226 525 4
226 526 3
226 601 4
226 603 4
226 605 3
226 606 4
226 607 4
226 608 4
226 610 3
226 613 4
226 614 4
226 616 4
226 631 3
226 633 4
226 646 3
226 648 4
226 651 4
226 653 4
226 654 3
226 655 4
226 657 4
226 673 4
226 705 4
226 754 4
226 835 4
226 836 3
226 848 4
227 245 4
227 258 4
227 263 3
227 286 4
227 292 4
227 300 4
227 302 4
227 303 4
227 304 3
227 319 4
227 332 4
227 341 4
227 359 3
227 680 4
227 681 3
227 682 4
227 688 3
227 874 3
228 243 2
228 259 2
228 268 4
228 271 2
228 272 4
228 286 3
228 289 3
228 294 3
228 300 3
228 301 3
228 305 4
228 307 3
228 312 3
228 313 4
228 322 3
228 323 3
228 326 3
228 329 3
228 332 2
228 334 2
228 338 2
228 344 3
228 350 3
228 538 3
228 690 3
228 750 4
228 875 3
228 877 2
228 879 3
228 886 4
228 896 2
228 908 1
228 988 1
229 1 3
229 2 2
229 3 2
229 4 3
229 7 3
229 8 4
229 12 4
229 15 3
229 21 2
229 22 3
229 23 3
229 24 2
229 26 3
229 28 3
229 31 3
229 32 3
229 45 3
229 47 3
229 48 3
229 50 4
229 52 3
229 53 2
229 55 3
229 56 3
229 58 3
229 62 3
229 63 3
229 64 4
229 66 3
229 68 3
229 69 3
229 70 3
229 72 3
229 73 3
229 77 3
229 79 3
229 81 3
229 82 3
229 83 3
229 85 3
229 86 3
229 87 3
229 88 4
229 89 4
229 90 4
229 91 2
229 92 3
229 93 3
229 95 3
229 96 3
229 97 3
229 101 3
229 109 2
229 114 3
229 117 3
229 118 2
229 123 2
229 124 3
229 127 3
229 128 2
229 132 4
229 133 3
229 134 4
229 137 3
229 140 3
229 141 4
229 143 3
229 144 4
229 150 2
229 151 2
229 153 3
229 154 3
229 157 3
229 159 3
229 161 2
229 162 3
229 163 3
229 164 3
229 165 4
229 166 3
229 168 3
229 170 4
229 172 3
229 174 4
229 178 3
229 179 3
229 181 3
229 183 3
229 184 2
229 185 3
229 186 3
229 188 3
229 190 4
229 191 3
229 193 3
229 195 3
229 197 4
229 201 2
229 202 3
229 203 3
229 207 3
229 208 3
229 209 4
229 210 3
229 211 3
229 214 3
229 216 3
229 218 3
229 219 1
229 223 4
229 225 3
229 229 3
229 232 2
229 233 3
229 237 3
229 238 3
229 248 3
229 249 3
229 250 3
229 258 3
229 264 3
229 265 3
229 273 2
229 274 2
229 275 3
229 276 3
229 277 2
229 280 2
229 281 3
229 282 3
229 283 3
229 288 3
229 290 3
229 291 3
229 298 3
229 301 3
229 318 3
229 319 3
229 321 2
229 340 2
229 356 2
229 365 2
229 366 3
229 367 3
229 371 2
229 378 2
229 385 3
229 387 3
229 392 3
229 393 2
229 403 3
229 404 3
229 405 2
229 410 1
229 411 3
229 415 2
229 418 3
229 419 2
229 423 3
229 427 3
229 428 3
229 431 3
229 432 3
229 433 3
229 435 4
229 436 3
229 441 2
229 448 2
229 455 3
229 457 1
229 464 3
229 466 2
229 467 4
229 468 2
229 470 2
229 473 2
229 475 2
229 480 3
229 481 4
229 482 3
229 483 4
229 484 3
229 485 4
229 491 3
229 493 4
229 495 3
229 496 3
229 499 4
229 500 3
229 502 3
229 504 3
229 505 2
229 508 2
229 511 4
229 514 3
229 520 3
229 527 3
229 531 3
229 535 3
229 537 2
229 546 3
229 549 3
229 550 3
229 566 3
229 568 3
229 569 2
229 570 3
229 578 2
229 581 3
229 584 3
229 591 2
229 602 3
229 603 3
229 611 3
229 625 2
229 627 3
229 628 3
229 629 3
229 631 3
229 633 3
229 635 2
229 636 3
229 640 3
229 642 3
229 652 3
229 654 4
229 655 3
229 658 2
229 662 3
229 665 2
229 671 3
229 672 2
229 673 3
229 679 3
229 684 3
229 692 3
229 693 2
229 700 2
229 702 3
229 705 3
229 708 2
229 709 3
229 710 2
229 726 3
229 729 3
229 732 3
229 735 3
229 742 2
229 744 3
229 747 3
229 755 3
229 756 3
229 761 3
229 762 2
229 763 2
229 768 3
229 780 2
229 794 3
229 804 2
229 805 3
229 806 4
229 820 2
229 826 3
229 833 2
229 845 3
229 847 3
229 921 4
229 928 2
229 941 3
229 944 2
229 961 3
229 967 3
229 972 3
230 9 3
230 10 4
230 12 4
230 19 3
230 42 4
230 50 4
230 56 4
230 98 4
230 100 4
230 101 4
230 117 3
230 129 3
230 137 3
230 152 3
230 164 3
230 165 3
230 181 4
230 221 3
230 222 3
230 234 4
230 237 3
230 248 3
230 253 3
230 258 4
230 264 3
230 273 3
230 276 4
230 286 3
230 288 3
230 293 3
230 294 2
230 300 3
230 302 4
230 318 2
230 328 3
230 436 3
230 514 4
230 515 4
230 527 4
230 528 4
230 547 3
230 628 4
230 674 3
231 286 3
231 307 3
231 322 3
231 323 3
231 327 3
231 358 3
231 538 3
231 690 3
231 748 3
231 879 3
231 988 2
232 1 3
232 7 3
232 24 3
232 50 4
232 93 3
232 100 3
232 108 3
232 109 3
232 111 4
232 117 4
232 118 3
232 121 3
232 123 4
232 151 3
232 181 4
232 222 4
232 246 3
232 248 3
232 249 3
232 250 3
232 257 3
232 258 3
232 274 3
232 276 3
232 284 3
232 294 2
232 295 3
232 300 3
232 315 3
232 322 3
232 405 3
232 410 3
232 411 3
232 471 3
232 508 3
232 546 2
232 620 3
232 628 3
232 678 2
232 742 3
232 763 3
232 815 3
232 844 1
232 845 3
233 59 3
233 60 3
233 95 3
233 173 3
233 174 4
233 194 3
233 246 3
233 268 3
233 269 3
233 273 3
233 276 3
233 293 3
233 302 3
233 303 3
233 322 3
233 323 3
233 326 3
233 333 3
233 340 2
233 435 4
233 474 3
233 507 3
233 657 3
233 682 2
233 690 2
233 748 3
233 754 3
233 919 3
234 9 4
234 111 3
234 121 3
234 125 3
234 147 3
234 148 3
234 151 3
234 225 3
234 274 3
234 275 3
234 283 3
234 287 3
234 288 3
234 347 3
234 369 2
234 406 2
234 471 2
234 476 3
234 546 3
234 628 3
234 756 2
234 763 3
234 815 2
234 819 2
234 833 3
234 844 1
234 928 2
234 975 2
235 1 4
235 3 3
235 4 3
235 5 3
235 7 4
235 9 4
235 11 4
235 12 4
235 15 4
235 21 2
235 22 4
235 23 3
235 24 4
235 25 3
235 27 3
235 28 3
235 31 3
235 38 3
235 40 3
235 42 3
235 45 3
235 49 3
235 50 4
235 52 4
235 54 3
235 62 4
235 63 3
235 64 4
235 67 3
235 68 4
235 69 3
235 71 4
235 72 3
235 73 3
235 80 3
235 82 3
235 83 3
235 85 3
235 86 3
235 89 4
235 95 4
235 96 4
235 100 4
235 105 2
235 108 4
235 109 3
235 111 3
235 115 4
235 117 3
235 118 3
235 121 4
235 122 3
235 123 2
235 125 3
235 128 3
235 132 3
235 135 4
235 136 3
235 141 3
235 148 3
235 151 3
235 152 3
235 153 3
235 154 3
235 156 4
235 157 3
235 159 3
235 160 3
235 161 3
235 162 3
235 163 4
235 164 3
235 167 2
235 168 3
235 171 3
235 172 4
235 173 3
235 174 4
235 175 3
235 176 3
235 182 4
235 183 3
235 184 3
235 185 3
235 186 3
235 187 3
235 188 3
235 190 3
235 191 4
235 195 4
235 196 3
235 199 3
235 200 4
235 204 4
235 206 3
235 211 4
235 214 3
235 215 3
235 216 3
235 217 3
235 218 3
235 219 2
235 222 3
235 225 2
235 226 3
235 227 3
235 228 3
235 229 3
235 230 3
235 234 3
235 239 3
235 240 3
235 245 3
235 246 3
235 250 3
235 252 3
235 254 2
235 255 2
235 257 3
235 258 4
235 260 2
235 264 2
235 273 3
235 284 3
235 290 3
235 291 3
235 294 3
235 299 3
235 300 3
235 307 4
235 313 4
235 317 4
235 318 4
235 321 4
235 327 3
235 331 3
235 338 1
235 343 3
235 351 2
235 354 4
235 357 4
235 358 4
235 367 3
235 369 1
235 376 2
235 380 3
235 381 2
235 382 4
235 384 3
235 385 4
235 386 3
235 392 3
235 393 3
235 394 2
235 399 3
235 402 3
235 403 3
235 404 4
235 410 2
235 411 3
235 413 2
235 423 4
235 424 1
235 431 4
235 433 3
235 434 3
235 435 3
235 436 3
235 443 4
235 447 3
235 448 3
235 451 3
235 455 3
235 462 4
235 465 3
235 470 3
235 473 3
235 474 3
235 476 2
235 520 4
235 541 2
235 542 3
235 546 3
235 550 3
235 554 3
235 561 3
235 566 4
235 567 1
235 568 4
235 569 2
235 571 3
235 572 3
235 573 3
235 576 3
235 577 3
235 578 3
235 584 3
235 587 3
235 588 4
235 597 3
235 616 3
235 625 3
235 628 3
235 631 3
235 637 3
235 640 3
235 649 4
235 652 4
235 655 3
235 659 4
235 665 3
235 672 2
235 673 3
235 675 4
235 679 3
235 684 4
235 693 4
235 696 3
235 697 3
235 710 2
235 713 4
235 715 3
235 717 2
235 720 3
235 729 3
235 732 3
235 743 2
235 746 4
235 748 3
235 751 3
235 752 3
235 756 2
235 760 2
235 762 3
235 780 2
235 781 3
235 786 3
235 790 3
235 792 4
235 797 4
235 800 3
235 820 3
235 821 3
235 825 3
235 826 2
235 831 2
235 834 2
235 841 3
235 845 3
235 862 3
235 885 2
235 890 3
235 895 3
235 924 3
235 926 3
235 928 3
235 929 3
235 943 3
235 944 3
235 961 4
235 977 1
235 983 2
236 21 2
236 23 3
236 26 3
236 38 3
236 39 3
236 43 3
236 47 4
236 65 4
236 66 3
236 72 3
236 73 3
236 83 3
236 90 3
236 92 3
236 95 4
236 96 4
236 98 4
236 102 3
236 111 3
236 125 3
236 132 4
236 133 4
236 157 4
236 159 4
236 161 3
236 168 4
236 172 3
236 174 4
236 179 3
236 186 4
236 200 4
236 204 4
236 215 4
236 216 3
236 217 3
236 218 3
236 219 3
236 226 3
236 238 4
236 265 4
236 276 3
236 287 4
236 288 4
236 313 4
236 325 2
236 327 3
236 340 2
236 347 3
236 367 3
236 381 3
236 392 3
236 400 2
236 411 3
236 433 4
236 447 4
236 454 2
236 503 3
236 504 4
236 506 3
236 537 3
236 546 3
236 553 3
236 559 3
236 568 3
236 581 4
236 585 3
236 595 3
236 628 3
236 642 3
236 649 4
236 655 4
236 658 3
236 660 4
236 708 3
236 710 3
236 715 3
236 721 3
236 723 3
236 739 3
236 742 4
236 746 4
236 748 3
236 761 3
236 762 3
236 785 3
236 787 3
236 790 3
236 794 3
236 821 3
236 845 3
236 895 2
236 974 2
237 5 3
237 11 3
237 12 4
237 14 3
237 28 3
237 30 3
237 42 4
237 47 2
237 50 4
237 56 4
237 58 4
237 65 3
237 69 4
237 70 3
237 77 4
237 79 4
237 82 2
237 83 3
237 86 4
237 87 3
237 88 3
237 89 3
237 90 2
237 91 3
237 95 3
237 97 4
237 98 4
237 99 4
237 111 3
237 116 3
237 118 3
237 124 4
237 131 3
237 132 4
237 133 4
237 134 3
237 137 4
237 143 3
237 144 3
237 145 1
237 151 3
237 154 4
237 155 3
237 161 3
237 162 4
237 166 3
237 168 4
237 170 3
237 173 3
237 174 4
237 176 3
237 179 3
237 180 4
237 181 4
237 183 4
237 185 4
237 186 4
237 190 4
237 191 4
237 195 4
237 197 3
237 204 4
237 207 3
237 208 4
237 211 4
237 212 2
237 213 4
237 214 3
237 216 4
237 217 2
237 218 3
237 219 2
237 229 2
237 234 4
237 237 4
237 238 3
237 239 3
237 244 1
237 253 3
237 254 2
237 265 3
237 275 3
237 276 3
237 281 3
237 283 3
237 286 3
237 287 3
237 288 3
237 292 3
237 301 4
237 318 4
237 378 4
237 381 3
237 393 3
237 402 4
237 404 3
237 412 2
237 415 3
237 418 3
237 419 3
237 421 3
237 423 4
237 428 3
237 432 3
237 433 4
237 435 4
237 436 4
237 447 3
237 450 3
237 451 3
237 463 3
237 466 3
237 473 3
237 478 3
237 480 3
237 482 4
237 483 4
237 484 4
237 485 4
237 496 4
237 497 3
237 499 4
237 501 3
237 507 4
237 512 3
237 514 3
237 517 3
237 518 4
237 521 3
237 523 3
237 559 3
237 566 4
237 581 3
237 582 3
237 583 3
237 584 3
237 588 3
237 603 3
237 607 2
237 614 4
237 629 3
237 640 3
237 642 3
237 651 4
237 652 3
237 654 4
237 655 4
237 657 3
237 660 4
237 663 3
237 665 2
237 672 2
237 674 3
237 683 3
237 684 4
237 692 3
237 696 3
237 697 3
237 698 3
237 699 4
237 702 2
237 705 4
237 707 3
237 708 3
237 709 4
237 710 2
237 727 3
237 730 3
237 732 4
237 736 3
237 737 3
237 739 2
237 746 3
237 747 4
237 748 2
237 753 3
237 755 3
237 770 2
237 778 4
237 781 3
237 794 3
237 812 1
237 842 3
237 843 3
237 946 3
237 955 3
237 969 4
238 15 4
238 21 2
238 100 3
238 118 3
238 121 3
238 181 4
238 220 3
238 237 3
238 245 3
238 255 3
238 269 3
238 280 3
238 286 4
238 321 3
238 471 3
238 476 3
238 815 3
238 866 3
239 7 3
239 13 3
239 14 4
239 100 4
239 121 3
239 147 3
239 237 3
239 240 3
239 242 4
239 246 4
239 257 4
239 273 3
239 276 3
239 282 3
239 285 4
239 288 3
239 301 3
239 405 3
239 475 4
239 591 3
239 895 2
240 70 3
240 171 2
240 198 3
240 242 3
240 243 3
240 271 2
240 272 4
240 283 3
240 300 3
240 310 3
240 312 2
240 313 4
240 328 3
240 329 2
240 340 2
240 350 2
240 512 3
240 515 4
240 582 3
240 690 3
240 736 3
240 749 1
240 750 4
240 751 3
240 886 3
240 904 2
240 921 3
240 937 3
241 1 3
241 7 4
241 9 4
241 15 3
241 25 3
241 121 4
241 259 2
241 288 3
241 294 3
241 683 3
242 7 3
242 11 3
242 12 3
242 14 3
242 17 2
242 22 3
242 26 4
242 27 2
242 29 2
242 31 3
242 33 3
242 38 2
242 39 3
242 41 2
242 42 3
242 44 3
242 53 2
242 54 3
242 55 3
242 56 3
242 62 2
242 64 4
242 67 2
242 68 2
242 79 3
242 82 3
242 98 3
242 100 3
242 117 3
242 129 4
242 144 3
242 150 4
242 154 4
242 156 3
242 159 3
242 161 3
242 168 3
242 174 3
242 176 3
242 177 3
242 182 3
242 184 3
242 186 3
242 195 3
242 203 3
242 204 4
242 209 3
242 210 3
242 219 2
242 226 3
242 228 4
242 229 2
242 230 3
242 231 2
242 234 4
242 240 3
242 273 3
242 276 2
242 281 2
242 286 3
242 288 3
242 294 3
242 318 3
242 342 3
242 350 2
242 367 2
242 385 3
242 401 2
242 403 3
242 410 2
242 436 3
242 449 2
242 452 3
242 482 3
242 508 3
242 546 2
242 554 2
242 559 2
242 569 2
242 572 2
242 576 2
242 578 2
242 591 3
242 628 3
242 635 3
242 636 3
242 672 2
242 684 3
242 685 3
242 695 2
242 710 2
242 746 3
242 769 2
242 780 2
242 800 2
242 810 2
242 834 1
242 873 1
242 943 3
242 975 3
243 12 4
243 271 3
243 309 3
243 313 4
243 340 4
243 343 3
243 358 3
243 644 4
243 678 3
243 687 2
244 9 4
244 50 4
244 100 4
244 245 3
244 251 4
244 258 4
244 275 3
244 748 2
244 751 3
244 906 4
244 912 2
244 916 3
245 7 1
245 9 2
245 23 2
245 28 1
245 50 2
245 55 1
245 64 2
245 79 1
245 87 2
245 100 2
245 117 1
245 118 1
245 121 2
245 123 1
245 127 2
245 144 2
245 147 1
245 150 2
245 174 2
245 181 2
245 195 2
245 203 1
245 204 1
245 208 2
245 209 1
245 221 1
245 235 1
245 237 1
245 245 1
245 246 2
245 248 1
245 273 1
245 276 2
245 291 1
245 293 2
245 295 1
245 310 1
245 313 2
245 324 1
245 325 1
245 330 1
245 333 1
245 340 1
245 346 1
245 405 1
245 408 2
245 410 1
245 460 1
245 475 2
245 479 2
245 480 2
245 504 1
245 544 1
245 591 1
245 595 1
245 597 1
245 603 2
245 628 1
245 644 2
245 689 1
245 742 1
245 744 1
245 748 1
245 762 1
245 763 1
245 818 1
245 823 1
245 829 1
245 831 1
245 840 1
245 844 1
245 845 2
245 881 1
245 886 1
245 895 1
245 908 1
245 919 2
245 959 2
245 979 1
246 268 3
246 269 3
246 270 3
246 288 2
246 292 2
246 294 2
246 301 2
246 302 3
246 303 2
246 326 3
246 327 2
246 328 2
246 332 2
246 334 1
246 359 2
246 688 1
246 690 3
246 754 3
246 883 2
246 887 3
246 888 1
247 1 4
247 5 3
247 7 4
247 9 4
247 11 4
247 17 3
247 27 3
247 28 4
247 31 4
247 55 4
247 56 4
247 65 3
247 68 3
247 69 4
247 70 3
247 89 4
247 91 3
247 96 4
247 98 4
247 100 4
247 111 4
247 117 4
247 123 3
247 135 4
247 144 4
247 147 3
247 148 3
247 150 4
247 151 4
247 153 4
247 156 4
247 157 4
247 158 2
247 174 4
247 176 4
247 180 4
247 183 4
247 204 4
247 206 4
247 209 4
247 218 3
247 222 4
247 227 3
247 231 3
247 233 3
247 234 4
247 248 3
247 252 3
247 260 3
247 281 3
247 284 3
247 286 3
247 288 4
247 290 3
247 293 3
247 298 4
247 300 4
247 367 3
247 405 3
247 410 3
247 435 4
247 447 3
247 469 4
247 470 4
247 483 4
247 484 4
247 498 4
247 544 2
247 546 3
247 559 3
247 582 4
247 591 4
247 597 3
247 629 4
247 642 4
247 678 3
247 742 4
247 748 3
247 760 2
247 815 3
247 823 3
247 845 4
247 866 3
247 926 2
247 963 4
247 981 2
248 262 3
248 268 3
248 269 2
248 271 2
248 286 2
248 292 3
248 301 3
248 303 3
248 305 3
248 307 2
248 319 2
248 321 3
248 327 3
248 333 3
248 338 1
248 340 2
248 344 3
248 750 3
248 884 1
248 896 3
248 900 3
248 902 2
249 9 3
249 15 4
249 59 4
249 60 3
249 61 4
249 100 3
249 117 3
249 118 3
249 122 2
249 127 4
249 137 4
249 170 4
249 171 4
249 179 3
249 212 2
249 224 3
249 248 3
249 251 2
249 269 3
249 273 4
249 276 3
249 285 3
249 286 3
249 288 3
249 291 3
249 293 3
249 310 4
249 337 2
249 381 3
249 410 2
249 459 3
249 473 2
249 546 3
249 558 2
249 742 3
249 748 3
249 753 3
249 763 4
249 936 4
249 983 2
250 1 4
250 2 3
250 3 4
250 4 3
250 7 3
250 10 4
250 12 4
250 13 4
250 15 4
250 26 3
250 28 4
250 29 3
250 35 2
250 38 3
250 39 3
250 49 3
250 51 4
250 54 3
250 56 4
250 58 4
250 60 4
250 64 4
250 65 4
250 66 3
250 67 2
250 70 4
250 71 4
250 73 4
250 77 3
250 79 4
250 80 2
250 81 3
250 82 3
250 83 4
250 86 4
250 87 4
250 88 4
250 89 4
250 90 3
250 92 3
250 94 3
250 95 4
250 97 4
250 98 4
250 99 4
250 100 4
250 101 4
250 110 2
250 112 4
250 114 4
250 117 3
250 121 4
250 123 3
250 125 3
250 126 3
250 127 4
250 131 4
250 132 4
250 133 4
250 134 4
250 135 3
250 136 4
250 139 3
250 141 4
250 142 2
250 143 4
250 144 4
250 145 2
250 152 3
250 153 4
250 154 3
250 155 3
250 157 3
250 158 4
250 161 4
250 162 3
250 163 3
250 164 3
250 166 3
250 167 3
250 168 4
250 169 5
250 173 4
250 174 4
250 176 3
250 177 4
250 179 4
250 180 4
250 182 3
250 183 3
250 185 3
250 187 3
250 191 4
250 192 4
250 193 3
250 194 4
250 195 4
250 196 3
250 197 4
250 199 4
250 200 3
250 202 4
250 203 4
250 204 4
250 205 3
250 207 3
250 208 4
250 210 4
250 211 4
250 215 3
250 216 4
250 218 4
250 222 3
250 223 4
250 225 3
250 226 4
250 227 3
250 229 3
250 231 3
250 233 4
250 237 4
250 238 4
250 239 4
250 241 3
250 245 2
250 252 3
250 254 2
250 258 4
250 264 4
250 265 4
250 269 4
250 270 4
250 272 4
250 274 3
250 275 4
250 277 4
250 278 4
250 280 2
250 281 3
250 282 3
250 283 4
250 288 4
250 290 3
250 292 4
250 294 3
250 299 3
250 300 3
250 301 3
250 302 4
250 304 3
250 305 4
250 310 3
250 311 4
250 312 2
250 313 4
250 315 4
250 316 3
250 328 2
250 332 3
250 340 3
250 354 2
250 357 4
250 367 4
250 371 2
250 373 4
250 378 3
250 380 3
250 381 3
250 382 4
250 383 2
250 384 3
250 385 4
250 387 3
250 393 3
250 395 3
250 396 4
250 400 1
250 401 3
250 402 3
250 414 4
250 416 3
250 417 3
250 418 3
250 419 3
250 421 3
250 422 4
250 428 4
250 431 3
250 432 4
250 433 4
250 434 3
250 435 4
250 443 4
250 448 3
250 451 3
250 455 3
250 462 4
250 465 3
250 467 4
250 469 3
250 470 3
250 471 3
250 472 3
250 474 4
250 476 3
250 477 3
250 478 4
250 479 4
250 480 4
250 481 3
250 482 4
250 483 4
250 484 3
250 487 4
250 488 4
250 490 5
250 491 4
250 493 4
250 494 3
250 495 4
250 496 4
250 497 4
250 499 4
250 500 3
250 502 4
250 503 4
250 505 3
250 506 3
250 507 4
250 509 4
250 510 4
250 511 4
250 514 4
250 518 4
250 520 4
250 523 4
250 525 4
250 526 4
250 527 4
250 528 4
250 530 4
250 535 3
250 549 4
250 550 4
250 553 2
250 557 4
250 558 2
250 559 3
250 561 1
250 566 4
250 568 4
250 570 4
250 582 3
250 583 4
250 589 3
250 591 4
250 602 4
250 604 4
250 606 4
250 607 3
250 608 4
250 609 4
250 610 4
250 611 4
250 612 3
250 613 4
250 614 4
250 618 4
250 620 4
250 622 3
250 629 3
250 630 3
250 631 3
250 632 4
250 633 3
250 637 2
250 642 3
250 647 4
250 648 3
250 650 4
250 651 3
250 655 3
250 657 4
250 659 3
250 660 4
250 661 4
250 663 4
250 673 4
250 679 3
250 685 3
250 686 4
250 689 2
250 692 3
250 693 3
250 700 4
250 704 3
250 705 4
250 707 4
250 708 4
250 709 4
250 710 3
250 712 4
250 714 3
250 715 4
250 716 4
250 717 3
250 723 3
250 727 4
250 728 3
250 729 2
250 731 3
250 735 4
250 736 4
250 742 3
250 747 3
250 748 3
250 751 4
250 761 3
250 762 3
250 765 3
250 771 3
250 774 2
250 775 3
250 778 2
250 783 3
250 785 2
250 790 3
250 792 4
250 794 3
250 801 3
250 807 1
250 815 3
250 821 3
250 823 4
250 832 3
250 837 4
250 842 2
250 845 4
250 846 3
250 847 4
250 865 4
250 869 3
250 873 1
250 878 1
250 900 4
250 902 3
250 904 3
250 905 3
250 908 1
250 921 4
250 923 4
250 926 3
250 928 4
250 934 4
250 936 4
250 939 4
250 940 3
250 942 4
250 951 3
250 956 4
250 965 4
250 966 3
250 967 4
250 969 3
251 242 3
251 243 2
251 259 1
251 260 2
251 262 3
251 268 3
251 269 2
251 270 4
251 286 2
251 288 3
251 289 2
251 292 3
251 294 2
251 299 2
251 300 3
251 301 2
251 303 2
251 305 3
251 307 2
251 308 2
251 319 4
251 322 3
251 323 2
251 325 3
251 327 3
251 328 3
251 329 2
251 330 1
251 331 2
251 332 2
251 333 2
251 336 2
251 337 1
251 359 1
251 360 2
251 457 1
251 680 2
251 681 1
251 682 2
251 687 1
251 749 1
251 872 2
251 874 3
251 875 2
251 877 2
251 879 3
251 880 2
251 881 1
251 882 1
251 883 2
251 884 1
251 937 3
251 938 1
251 984 1
251 989 2
251 991 1
251 995 1
252 7 3
252 8 3
252 14 4
252 22 4
252 25 2
252 27 3
252 45 3
252 48 4
252 52 4
252 58 3
252 60 3
252 61 3
252 62 3
252 64 4
252 66 3
252 69 3
252 70 3
252 73 3
252 86 3
252 88 4
252 89 4
252 96 4
252 97 3
252 99 4
252 111 3
252 121 3
252 124 4
252 127 4
252 132 3
252 134 4
252 135 4
252 136 4
252 143 3
252 152 2
252 154 4
252 156 3
252 161 3
252 162 3
252 163 3
252 168 4
252 170 4
252 171 4
252 173 4
252 174 4
252 180 3
252 181 4
252 183 3
252 185 3
252 186 4
252 187 4
252 188 3
252 191 3
252 194 4
252 195 4
252 197 4
252 201 3
252 202 4
252 203 3
252 204 4
252 207 4
252 212 3
252 216 4
252 234 3
252 237 3
252 243 2
252 245 3
252 259 2
252 269 3
252 276 3
252 286 3
252 294 3
252 318 4
252 371 3
252 384 3
252 404 4
252 418 3
252 419 3
252 420 3
252 423 4
252 427 4
252 430 4
252 432 3
252 435 4
252 443 3
252 455 3
252 458 3
252 461 3
252 462 3
252 465 3
252 467 3
252 472 2
252 479 4
252 482 3
252 483 4
252 485 3
252 488 2
252 491 3
252 492 3
252 494 3
252 495 3
252 496 3
252 498 4
252 502 4
252 506 3
252 510 4
252 513 3
252 517 3
252 518 3
252 521 3
252 523 4
252 526 3
252 530 3
252 531 3
252 554 2
252 576 3
252 588 4
252 597 3
252 603 3
252 609 3
252 614 3
252 615 3
252 624 3
252 631 3
252 636 3
252 641 4
252 648 4
252 654 3
252 659 3
252 660 3
252 684 3
252 729 2
252 736 4
252 780 2
252 781 2
252 792 3
252 805 3
252 815 3
252 863 3
252 874 4
252 924 2
252 947 4
252 969 3
252 971 3
253 3 4
253 4 3
253 7 3
253 9 3
253 11 3
253 12 3
253 17 3
253 22 3
253 24 3
253 33 4
253 42 3
253 48 3
253 49 2
253 50 4
253 53 2
253 59 3
253 68 3
253 69 3
253 73 3
253 79 3
253 80 2
253 93 3
253 94 3
253 97 3
253 98 4
253 100 3
253 117 3
253 122 2
253 125 3
253 132 4
253 143 3
253 154 3
253 156 3
253 157 3
253 158 2
253 164 3
253 168 3
253 172 4
253 174 4
253 181 4
253 186 3
253 188 3
253 196 3
253 204 3
253 210 3
253 231 2
253 233 3
253 238 4
253 239 4
253 246 4
253 248 3
253 254 1
253 258 3
253 268 3
253 276 3
253 288 4
253 298 3
253 318 3
253 354 3
253 356 2
253 357 3
253 364 2
253 367 3
253 369 2
253 384 3
253 385 3
253 393 3
253 401 3
253 402 3
253 410 3
253 412 2
253 416 3
253 421 3
253 423 3
253 424 1
253 427 4
253 456 2
253 471 3
253 475 3
253 476 2
253 496 4
253 508 3
253 509 3
253 515 4
253 550 4
253 552 2
253 566 3
253 568 3
253 578 3
253 586 2
253 591 3
253 628 3
253 651 3
253 655 3
253 684 3
253 693 3
253 697 2
253 717 2
253 721 2
253 742 3
253 871 1
253 959 3
253 963 4
253 975 3
254 1 3
254 11 2
254 12 3
254 15 2
254 22 3
254 28 2
254 50 3
254 51 2
254 55 2
254 56 2
254 58 2
254 66 2
254 69 2
254 70 2
254 73 2
254 76 1
254 77 2
254 79 2
254 82 2
254 87 3
254 88 2
254 89 2
254 96 2
254 97 2
254 98 3
254 99 2
254 100 3
254 107 2
254 114 3
254 117 2
254 118 1
254 121 2
254 124 3
254 131 3
254 133 2
254 134 3
254 136 3
254 143 2
254 144 2
254 153 3
254 161 2
254 162 2
254 164 2
254 169 3
254 172 2
254 173 3
254 174 3
254 181 2
254 182 2
254 185 3
254 191 3
254 195 3
254 196 2
254 197 3
254 199 3
254 202 2
254 203 2
254 204 2
254 210 3
254 211 3
254 215 2
254 222 2
254 228 3
254 234 2
254 237 2
254 245 2
254 248 2
254 250 3
254 255 2
254 257 2
254 258 2
254 259 1
254 260 2
254 270 3
254 272 3
254 277 1
254 279 3
254 286 2
254 289 1
254 293 2
254 300 2
254 310 1
254 315 2
254 316 3
254 317 2
254 318 3
254 322 2
254 323 2
254 326 3
254 356 2
254 357 2
254 378 2
254 385 2
254 392 2
254 414 2
254 418 2
254 419 2
254 423 3
254 427 3
254 431 2
254 434 2
254 435 3
254 451 2
254 465 2
254 468 2
254 474 3
254 478 3
254 479 3
254 482 3
254 483 3
254 484 3
254 485 3
254 487 3
254 490 3
254 492 3
254 493 3
254 496 2
254 497 3
254 507 2
254 509 3
254 519 3
254 520 3
254 526 2
254 528 3
254 531 3
254 566 2
254 568 2
254 603 2
254 605 2
254 607 3
254 610 3
254 612 2
254 614 3
254 627 2
254 631 2
254 633 2
254 642 2
254 649 2
254 651 3
254 654 3
254 655 2
254 657 3
254 659 3
254 660 3
254 661 3
254 678 2
254 685 2
254 686 2
254 692 2
254 693 2
254 694 2
254 705 3
254 707 2
254 724 2
254 735 3
254 736 2
254 740 2
254 742 2
254 746 2
254 836 3
254 837 3
254 842 2
254 873 2
254 875 1
254 879 2
254 939 2
254 945 3
254 956 3
254 968 3
255 1 3
255 2 3
255 4 3
255 7 3
255 8 3
255 9 3
255 12 4
255 14 4
255 17 2
255 20 2
255 24 3
255 25 2
255 31 3
255 39 3
255 40 3
255 42 3
255 44 3
255 47 3
255 53 2
255 56 4
255 57 4
255 58 3
255 64 4
255 69 3
255 70 3
255 71 3
255 87 3
255 95 4
255 96 3
255 97 3
255 98 3
255 100 3
255 118 3
255 123 3
255 125 3
255 126 3
255 127 3
255 135 3
255 148 2
255 161 3
255 170 4
255 174 4
255 176 3
255 191 3
255 196 4
255 197 3
255 204 4
255 214 2
255 217 2
255 222 3
255 223 4
255 228 3
255 234 3
255 237 3
255 241 2
255 245 3
255 252 2
255 255 3
255 257 3
255 265 3
255 270 3
255 275 3
255 276 3
255 277 3
255 279 4
255 281 2
255 282 3
255 288 3
255 289 2
255 291 3
255 292 4
255 293 3
255 300 3
255 301 3
255 304 3
255 307 3
255 313 4
255 317 3
255 318 4
255 321 2
255 323 3
255 334 3
255 343 3
255 380 3
255 382 3
255 393 3
255 402 3
255 405 3
255 423 4
255 428 3
255 447 3
255 455 3
255 462 3
255 465 3
255 471 3
255 475 3
255 504 3
255 508 3
255 511 3
255 515 3
255 518 4
255 529 3
255 531 3
255 582 4
255 584 2
255 591 3
255 597 3
255 627 3
255 628 2
255 629 3
255 647 4
255 660 3
255 678 2
255 692 3
255 694 4
255 709 4
255 724 3
255 727 3
255 738 2
255 747 3
255 755 3
255 778 3
255 898 2
255 934 2
255 939 3
256 1 4
256 3 3
256 4 3
256 9 4
256 12 4
256 13 3
256 22 4
256 23 4
256 32 3
256 42 3
256 46 4
256 50 4
256 53 2
256 54 3
256 57 4
256 60 4
256 61 4
256 68 3
256 69 4
256 71 4
256 79 3
256 80 2
256 86 3
256 91 3
256 92 3
256 95 4
256 97 3
256 100 4
256 101 3
256 111 3
256 121 3
256 125 3
256 127 4
256 133 4
256 135 4
256 143 3
256 161 3
256 168 4
256 170 4
256 172 4
256 174 4
256 175 4
256 177 4
256 179 3
256 181 4
256 182 3
256 185 3
256 186 4
256 187 4
256 188 3
256 194 4
256 196 4
256 197 4
256 200 3
256 202 3
256 210 4
256 211 4
256 218 3
256 222 3
256 226 3
256 228 4
256 231 2
256 232 3
256 234 4
256 238 3
256 268 3
256 273 3
256 274 3
256 282 3
256 286 4
256 294 3
256 325 4
256 346 3
256 357 3
256 366 4
256 369 2
256 380 3
256 403 3
256 410 2
256 414 4
256 419 3
256 421 3
256 423 4
256 427 4
256 431 3
256 432 3
256 433 3
256 443 4
256 448 3
256 449 3
256 452 3
256 460 2
256 461 3
256 462 4
256 474 4
256 475 3
256 479 3
256 484 4
256 490 4
256 498 4
256 505 3
256 506 4
256 508 3
256 523 4
256 546 3
256 559 3
256 568 3
256 578 3
256 581 4
256 582 3
256 603 4
256 608 3
256 616 3
256 640 3
256 655 4
256 658 3
256 660 3
256 662 4
256 672 2
256 673 3
256 693 3
256 696 4
256 708 3
256 710 3
256 715 3
256 720 3
256 721 2
256 737 3
256 743 1
256 763 3
256 789 4
256 806 3
256 818 3
256 845 3
256 864 2
256 919 3
256 922 3
256 933 3
256 943 3
256 955 4
256 959 3
256 963 4
256 979 4
256 985 4
257 4 4
257 7 4
257 8 4
257 9 4
257 11 4
257 12 4
257 14 4
257 15 4
257 20 3
257 27 3
257 31 4
257 38 3
257 44 4
257 45 4
257 48 4
257 50 4
257 51 3
257 52 4
257 53 3
257 54 4
257 56 4
257 57 3
257 58 4
257 59 4
257 62 3
257 64 4
257 65 4
257 66 3
257 70 4
257 77 4
257 79 4
257 82 4
257 83 4
257 86 4
257 89 4
257 91 3
257 94 4
257 96 4
257 97 4
257 100 5
257 105 3
257 114 4
257 117 4
257 118 3
257 122 2
257 127 4
257 132 4
257 134 4
257 137 4
257 143 4
257 144 4
257 148 3
257 151 4
257 155 3
257 156 4
257 157 4
257 161 3
257 162 4
257 164 4
257 168 4
257 172 4
257 173 4
257 174 4
257 176 4
257 180 4
257 181 4
257 182 3
257 183 4
257 185 4
257 186 4
257 190 4
257 191 4
257 192 3
257 193 4
257 194 4
257 195 4
257 196 4
257 197 4
257 200 4
257 203 4
257 204 4
257 209 4
257 214 3
257 215 4
257 216 4
257 218 4
257 219 3
257 226 4
257 229 3
257 230 3
257 231 3
257 232 3
257 234 3
257 235 3
257 237 4
257 239 4
257 240 3
257 241 3
257 243 2
257 248 3
257 257 4
257 258 4
257 265 4
257 282 4
257 285 4
257 288 4
257 304 3
257 318 4
257 357 4
257 366 3
257 370 3
257 372 4
257 373 3
257 378 4
257 380 4
257 385 4
257 393 4
257 395 3
257 401 3
257 402 4
257 403 3
257 405 3
257 410 3
257 411 3
257 412 3
257 417 2
257 425 4
257 428 4
257 436 4
257 443 4
257 448 3
257 450 3
257 452 3
257 453 2
257 455 4
257 456 2
257 458 3
257 462 3
257 469 3
257 470 4
257 471 4
257 472 3
257 473 3
257 474 4
257 476 3
257 483 4
257 500 4
257 507 4
257 509 4
257 527 4
257 529 4
257 531 4
257 540 3
257 546 3
257 549 4
257 553 3
257 559 3
257 566 3
257 568 4
257 582 4
257 584 3
257 588 4
257 597 3
257 623 3
257 628 4
257 629 3
257 631 3
257 632 4
257 636 3
257 640 4
257 651 4
257 655 4
257 658 4
257 664 4
257 673 4
257 679 3
257 692 3
257 699 4
257 704 3
257 708 3
257 709 3
257 717 3
257 720 3
257 722 3
257 727 3
257 729 3
257 732 3
257 739 4
257 742 4
257 744 3
257 747 4
257 755 3
257 756 2
257 758 2
257 769 3
257 770 3
257 775 3
257 783 3
257 792 4
257 819 3
257 825 3
257 841 2
257 845 4
257 871 3
257 931 2
257 934 2
257 948 3
257 949 4
257 959 4
257 980 4
258 8 4
258 9 4
258 12 4
258 13 3
258 14 4
258 20 3
258 23 4
258 25 3
258 28 4
258 32 4
258 48 4
258 50 4
258 57 4
258 58 4
258 86 4
258 96 4
258 98 4
258 117 3
258 121 3
258 124 4
258 126 3
258 127 4
258 129 4
258 134 4
258 143 4
258 144 4
258 147 3
258 152 4
258 169 4
258 174 4
258 178 4
258 179 4
258 180 4
258 181 4
258 182 4
258 183 4
258 189 4
258 190 4
258 191 4
258 192 4
258 193 4
258 195 3
258 203 4
258 208 4
258 209 4
258 234 4
258 237 4
258 238 4
258 245 3
258 250 3
258 255 3
258 273 4
258 278 2
258 282 3
258 283 3
258 284 3
258 285 4
258 286 3
258 287 3
258 288 3
258 293 4
258 298 4
258 301 3
258 304 3
258 307 2
258 317 3
258 318 4
258 319 3
258 321 3
258 330 2
258 333 3
258 346 4
258 357 4
258 387 3
258 405 2
258 408 4
258 410 3
258 423 4
258 425 4
258 427 4
258 430 4
258 467 4
258 469 4
258 473 3
258 474 4
258 496 4
258 509 4
258 514 4
258 517 4
258 521 4
258 526 4
258 529 4
258 530 3
258 546 2
258 582 3
258 588 4
258 589 3
258 591 4
258 597 3
258 603 4
258 632 3
258 644 4
258 648 4
258 651 4
258 654 4
258 663 4
258 685 3
258 694 4
258 696 3
258 704 3
258 709 4
258 717 3
258 736 3
258 742 3
258 750 4
258 753 4
258 792 4
258 844 2
258 847 3
258 896 3
258 925 2
258 939 3
258 952 3
258 956 2
258 980 3
259 1 4
259 3 3
259 7 4
259 8 4
259 15 3
259 16 3
259 19 2
259 22 4
259 25 3
259 100 4
259 108 3
259 111 3
259 117 3
259 120 2
259 121 4
259 123 3
259 134 4
259 147 3
259 148 3
259 164 4
259 172 4
259 174 4
259 181 4
259 194 3
259 216 4
259 220 3
259 222 4
259 225 3
259 230 4
259 245 3
259 249 3
259 250 3
259 255 3
259 258 3
259 264 3
259 278 2
259 282 3
259 286 3
259 289 3
259 291 3
259 295 3
259 300 4
259 301 2
259 322 2
259 323 3
259 328 3
259 332 3
259 333 4
259 336 3
259 357 4
259 358 2
259 411 3
259 472 2
259 473 3
259 523 3
259 546 2
259 568 4
259 596 3
259 597 3
259 651 4
259 676 3
259 678 3
259 685 3
259 687 1
259 742 3
259 748 2
259 815 3
259 825 3
259 827 3
259 832 3
259 846 3
259 864 3
259 866 3
259 873 2
259 879 3
259 934 2
259 969 3
259 978 2
259 989 2
260 1 4
260 7 4
260 10 3
260 14 4
260 20 4
260 117 4
260 127 4
260 129 3
260 146 2
260 221 3
260 224 3
260 242 4
260 248 3
260 250 3
260 253 4
260 257 3
260 258 4
260 273 3
260 275 4
260 276 4
260 279 3
260 286 4
260 289 3
260 294 3
260 297 3
260 301 3
260 302 4
260 303 3
260 307 3
260 311 2
260 322 3
260 327 3
260 458 4
260 515 4
260 532 4
260 591 4
260 676 3
260 713 4
260 744 3
261 121 3
261 158 2
261 242 4
261 255 2
261 269 4
261 285 4
261 302 4
261 304 3
261 319 3
261 347 3
261 682 2
262 11 4
262 22 3
262 100 4
262 136 4
262 237 4
262 259 3
262 271 2
262 288 3
262 289 3
262 292 4
262 300 3
262 313 4
262 321 2
262 332 3
262 358 3
262 678 2
262 682 3
262 866 3
262 895 2
263 3 2
263 7 3
263 10 3
263 14 3
263 15 3
263 20 2
263 24 2
263 50 4
263 93 2
263 100 4
263 103 1
263 107 4
263 112 1
263 116 3
263 117 3
263 121 2
263 124 3
263 126 3
263 127 3
263 137 3
263 147 2
263 149 2
263 150 3
263 151 3
263 221 3
263 224 3
263 225 2
263 235 2
263 242 3
263 243 2
263 244 3
263 248 3
263 249 2
263 250 3
263 253 3
263 257 3
263 258 3
263 268 3
263 270 3
263 274 2
263 282 3
263 283 3
263 284 2
263 285 3
263 288 2
263 301 2
263 304 2
263 306 2
263 311 3
263 319 3
263 347 3
263 362 2
263 455 2
263 472 2
263 473 2
263 475 3
263 477 2
263 508 3
263 544 2
263 593 3
263 596 2
263 597 2
263 689 2
263 741 2
263 744 2
263 751 2
263 819 3
263 845 3
263 864 2
263 870 2
263 880 3
263 887 3
263 926 2
263 930 1
263 950 2
263 952 2
263 988 1
263 993 2
264 16 3
264 116 3
264 176 4
264 181 4
264 194 4
264 248 3
264 258 4
264 260 3
264 269 4
264 286 3
264 289 3
264 293 4
264 298 3
264 300 3
264 301 3
264 321 3
264 322 3
264 328 3
264 333 3
264 358 3
264 482 4
264 603 4
264 678 3
264 705 4
264 709 3
264 748 3
264 879 3
265 1 3
265 7 3
265 8 4
265 12 4
265 22 4
265 28 4
265 32 3
265 56 3
265 64 4
265 87 4
265 97 3
265 100 3
265 109 3
265 114 4
265 132 3
265 134 3
265 136 3
265 143 3
265 154 3
265 169 4
265 172 4
265 174 4
265 175 3
265 179 3
265 180 3
265 181 4
265 190 3
265 191 3
265 194 4
265 198 3
265 199 3
265 202 3
265 257 3
265 258 4
265 283 3
265 286 3
265 300 3
265 318 3
265 319 2
265 395 2
265 404 3
265 423 4
265 428 4
265 474 3
265 475 3
265 478 3
265 481 3
265 496 4
265 529 3
265 584 3
265 588 3
265 603 3
265 615 3
265 638 3
265 651 3
265 656 3
265 705 3
265 855 3
266 2 3
266 11 3
266 22 4
266 24 3
266 27 3
266 50 4
266 55 3
266 56 4
266 62 3
266 79 4
266 87 4
266 89 4
266 95 4
266 96 4
266 98 4
266 117 4
266 127 4
266 128 3
266 144 3
266 174 5
266 181 3
266 182 4
266 183 4
266 184 3
266 187 4
266 188 4
266 210 4
266 231 3
266 232 3
266 258 3
266 265 4
266 268 4
266 269 3
266 273 4
266 288 3
266 292 4
266 294 3
266 302 4
266 306 4
266 308 3
266 313 4
266 315 4
266 321 3
266 324 3
266 326 3
266 327 3
266 328 3
266 331 4
266 333 3
266 334 3
266 346 4
266 349 2
266 350 3
266 354 3
266 357 4
266 385 3
266 405 3
266 455 3
266 518 4
266 546 3
266 550 4
266 566 4
266 568 4
266 651 4
266 682 3
266 748 3
266 873 2
266 882 4
266 885 2
266 898 2
266 902 3
266 908 2
266 995 3
267 7 3
267 10 3
267 24 3
267 50 4
267 93 3
267 100 4
267 108 3
267 109 3
267 150 4
267 240 3
267 246 4
267 248 4
267 249 3
267 264 3
267 268 4
267 269 4
267 273 4
267 276 4
267 298 3
267 327 3
267 340 3
267 455 3
267 475 3
267 742 3
267 762 3
267 919 3
268 1 4
268 4 3
268 7 3
268 8 4
268 13 3
268 15 3
268 19 3
268 22 3
268 23 3
268 25 3
268 31 3
268 39 3
268 42 3
268 47 3
268 51 3
268 56 3
268 58 3
268 69 3
268 70 3
268 71 4
268 95 3
268 96 3
268 97 3
268 98 4
268 100 4
268 111 3
268 116 3
268 118 2
268 121 4
268 126 4
268 132 3
268 137 4
268 144 4
268 150 3
268 153 3
268 157 3
268 159 3
268 160 3
268 170 3
268 172 4
268 173 4
268 178 4
268 180 3
268 181 4
268 182 4
268 191 4
268 192 3
268 195 3
268 200 3
268 209 4
268 214 2
268 216 3
268 222 3
268 238 4
268 246 3
268 251 3
268 257 3
268 258 4
268 273 3
268 283 3
268 285 3
268 293 3
268 294 3
268 297 3
268 318 4
268 321 3
268 357 3
268 367 3
268 377 3
268 405 2
268 411 2
268 423 4
268 427 4
268 428 4
268 435 4
268 462 3
268 469 3
268 471 2
268 475 3
268 498 4
268 507 4
268 529 3
268 544 3
268 582 3
268 603 3
268 612 3
268 642 2
268 655 3
268 662 3
268 692 3
268 699 4
268 724 3
268 742 3
268 826 1
268 856 4
268 926 3
268 952 2
269 64 4
269 65 4
269 127 4
269 134 4
269 136 4
269 153 4
269 194 4
269 199 4
269 215 4
269 286 4
269 306 4
269 483 5
269 484 5
269 490 4
269 495 4
269 507 4
269 511 4
269 520 4
269 530 4
269 582 4
269 605 3
269 610 4
269 611 3
269 641 5
269 654 4
269 656 4
269 705 4
269 855 4
269 923 4
270 1 3
270 7 3
270 9 3
270 13 2
270 19 3
270 50 3
270 93 2
270 100 3
270 118 2
270 125 3
270 150 3
270 181 3
270 221 2
270 235 2
270 248 3
270 257 3
270 258 3
270 276 3
270 283 3
270 284 2
270 285 3
270 286 3
270 293 3
270 294 2
270 295 2
270 360 2
270 458 2
270 471 2
270 475 3
270 508 3
270 544 2
270 546 2
270 813 3
270 824 2
270 919 2
270 950 2
270 952 1
271 1 4
271 8 4
271 50 4
271 94 3
271 95 4
271 99 3
271 140 3
271 225 3
271 404 3
271 418 3
271 477 3
271 501 3
271 596 3
271 768 3
271 878 2
271 932 2
271 969 4
272 1 4
272 2 4
272 3 4
272 4 4
272 7 4
272 11 4
272 12 4
272 21 3
272 24 3
272 27 3
272 28 4
272 29 3
272 33 4
272 38 3
272 41 3
272 43 4
272 49 4
272 51 4
272 56 4
272 63 4
272 64 4
272 66 4
272 68 4
272 69 4
272 71 4
272 72 4
272 73 4
272 78 4
272 79 4
272 80 3
272 82 4
272 88 4
272 90 3
272 94 4
272 97 4
272 99 4
272 101 4
272 109 3
272 117 4
272 118 3
272 120 3
272 121 4
272 122 3
272 123 3
272 132 4
272 135 4
272 141 4
272 151 3
272 161 4
272 168 4
272 172 4
272 173 4
272 174 4
272 175 4
272 177 4
272 181 4
272 183 4
272 185 4
272 186 4
272 193 4
272 195 4
272 196 4
272 204 4
272 210 4
272 215 4
272 217 3
272 218 4
272 226 4
272 228 4
272 229 4
272 232 4
272 233 4
272 234 4
272 239 4
272 240 3
272 250 4
272 254 2
272 255 3
272 258 4
272 260 2
272 271 3
272 288 4
272 313 4
272 318 4
272 323 3
272 343 4
272 355 3
272 358 3
272 362 4
272 365 4
272 368 3
272 370 3
272 373 4
272 374 4
272 375 4
272 378 4
272 380 4
272 384 3
272 386 3
272 391 3
272 392 4
272 393 4
272 395 4
272 400 4
272 401 3
272 404 5
272 411 4
272 416 4
272 417 3
272 418 4
272 431 4
272 443 4
272 449 4
272 465 4
272 473 4
272 475 3
272 477 3
272 485 4
272 496 4
272 501 4
272 541 3
272 546 3
272 548 4
272 550 3
272 552 4
272 559 4
272 561 3
272 562 4
272 567 2
272 568 4
272 569 3
272 576 3
272 577 3
272 578 4
272 584 4
272 588 4
272 597 3
272 609 3
272 625 3
272 633 4
272 655 4
272 665 3
272 672 4
272 685 4
272 689 3
272 715 4
272 720 3
272 739 4
272 742 4
272 743 3
272 746 4
272 747 4
272 751 4
272 755 3
272 756 3
272 758 3
272 760 3
272 763 4
272 768 4
272 771 3
272 780 3
272 790 3
272 796 3
272 810 4
272 826 3
272 834 3
272 877 2
272 890 3
272 895 3
272 924 4
272 928 4
272 930 3
272 931 2
272 940 2
272 946 4
272 951 3
272 977 3
273 7 4
273 9 4
273 10 3
273 14 4
273 25 3
273 116 3
273 124 4
273 129 3
273 137 3
273 242 3
273 257 3
273 275 3
273 276 4
273 293 3
273 302 4
273 303 4
273 319 3
273 327 3
273 547 3
273 813 4
274 7 4
274 8 4
274 11 4
274 12 4
274 13 4
274 14 5
274 15 4
274 22 4
274 23 4
274 26 4
274 42 4
274 44 4
274 45 4
274 48 4
274 50 4
274 52 4
274 58 4
274 60 4
274 61 4
274 64 4
274 66 3
274 68 3
274 69 4
274 70 4
274 71 4
274 72 3
274 73 3
274 76 4
274 77 4
274 79 4
274 83 4
274 86 4
274 87 4
274 88 3
274 89 4
274 92 4
274 97 4
274 98 4
274 99 4
274 100 4
274 107 4
274 116 4
274 117 4
274 121 4
274 131 4
274 132 4
274 134 4
274 135 4
274 136 4
274 141 4
274 150 4
274 161 4
274 168 4
274 170 4
274 171 3
274 172 4
274 173 4
274 175 4
274 176 3
274 178 4
274 179 4
274 180 4
274 181 4
274 182 4
274 183 4
274 191 4
274 192 4
274 193 4
274 194 4
274 195 4
274 196 4
274 198 4
274 203 4
274 205 3
274 207 4
274 208 4
274 210 4
274 211 4
274 212 3
274 215 4
274 216 4
274 218 4
274 221 3
274 227 3
274 230 3
274 234 4
274 237 4
274 238 4
274 244 4
274 248 4
274 252 3
274 257 4
274 258 4
274 265 4
274 274 3
274 275 4
274 276 3
274 282 4
274 283 4
274 285 4
274 288 3
274 289 3
274 291 3
274 293 4
274 298 3
274 302 4
274 313 4
274 315 4
274 316 4
274 317 4
274 322 3
274 326 4
274 346 4
274 356 3
274 380 3
274 382 4
274 385 4
274 410 3
274 414 4
274 416 3
274 418 3
274 419 3
274 430 3
274 434 4
274 435 4
274 436 4
274 461 3
274 462 4
274 463 3
274 470 3
274 474 4
274 475 4
274 478 4
274 480 4
274 481 4
274 483 4
274 484 5
274 486 4
274 488 4
274 489 3
274 490 4
274 491 4
274 493 4
274 495 3
274 496 4
274 497 3
274 498 4
274 499 4
274 503 4
274 506 4
274 507 3
274 508 4
274 511 4
274 513 4
274 514 3
274 517 4
274 518 3
274 519 3
274 520 4
274 521 4
274 525 4
274 526 4
274 527 4
274 528 4
274 529 3
274 530 4
274 553 3
274 566 4
274 584 4
274 591 3
274 601 4
274 602 4
274 603 4
274 604 3
274 605 3
274 607 4
274 610 4
274 614 4
274 615 4
274 618 4
274 628 3
274 633 4
274 641 4
274 642 4
274 646 4
274 648 4
274 649 4
274 651 4
274 653 4
274 657 4
274 659 3
274 660 4
274 661 4
274 664 4
274 676 3
274 684 4
274 685 4
274 692 3
274 696 4
274 697 3
274 699 3
274 705 4
274 707 4
274 708 3
274 709 4
274 735 4
274 736 4
274 744 4
274 756 3
274 789 4
274 792 4
274 836 3
274 848 4
274 921 4
274 923 4
274 939 4
274 943 3
274 945 4
274 963 4
274 966 4
274 971 4
274 996 4
275 70 4
275 100 5
275 127 4
275 259 3
275 286 4
275 313 4
275 381 4
276 4 3
276 26 2
276 33 3
276 56 3
276 63 2
276 67 2
276 72 2
276 73 2
276 80 2
276 83 3
276 88 2
276 168 4
276 173 3
276 175 3
276 186 3
276 202 3
276 204 3
276 209 4
276 211 3
276 216 3
276 232 2
276 238 3
276 239 3
276 288 2
276 294 2
276 300 2
276 328 2
276 343 2
276 367 3
276 386 2
276 435 3
276 579 3
276 648 3
276 655 3
276 692 3
276 710 2
276 712 2
276 715 3
276 734 2
276 738 2
276 748 3
276 765 3
276 781 2
276 790 2
276 792 4
276 890 1
276 944 2
276 999 3
277 20 4
277 25 4
277 36 3
277 49 4
277 88 4
277 90 3
277 237 4
277 255 4
277 282 4
277 289 3
277 294 4
277 369 3
277 553 4
277 709 4
277 722 3
277 731 4
277 732 4
277 756 3
277 781 3
277 846 3
278 1 3
278 7 4
278 17 2
278 23 4
278 26 4
278 28 3
278 40 3
278 42 3
278 48 4
278 50 4
278 65 4
278 69 4
278 72 3
278 77 3
278 79 3
278 81 4
278 93 4
278 98 4
278 111 4
278 122 2
278 134 4
278 143 4
278 145 2
278 151 3
278 160 3
278 161 3
278 188 3
278 196 4
278 216 3
278 218 4
278 219 2
278 222 3
278 231 3
278 237 3
278 238 4
278 255 4
278 276 4
278 282 4
278 288 3
278 300 4
278 318 4
278 327 3
278 340 3
278 350 3
278 354 3
278 357 4
278 367 4
278 369 2
278 381 4
278 392 3
278 403 3
278 410 3
278 412 2
278 427 4
278 447 4
278 451 4
278 467 4
278 469 3
278 518 3
278 568 4
278 591 4
278 604 4
278 616 4
278 655 3
278 658 4
278 673 4
278 684 3
278 743 2
278 763 3
278 843 3
278 866 3
278 959 4
278 975 4
279 1 3
279 8 3
279 24 2
279 28 3
279 31 3
279 50 4
279 54 3
279 55 3
279 58 4
279 66 3
279 70 2
279 71 3
279 79 4
279 82 4
279 88 3
279 89 3
279 95 3
279 96 3
279 97 3
279 100 4
279 101 3
279 108 2
279 111 3
279 117 3
279 118 3
279 121 3
279 122 2
279 127 4
279 133 3
279 135 3
279 144 4
279 147 3
279 148 3
279 153 4
279 161 3
279 164 3
279 168 3
279 172 3
279 173 4
279 174 4
279 175 4
279 176 3
279 177 3
279 179 3
279 180 3
279 181 3
279 182 3
279 183 4
279 185 4
279 187 3
279 188 2
279 189 4
279 190 4
279 195 3
279 197 4
279 198 3
279 201 2
279 204 3
279 209 3
279 210 3
279 211 3
279 213 4
279 215 3
279 216 4
279 228 3
279 230 2
279 241 3
279 248 3
279 249 3
279 255 3
279 257 3
279 258 3
279 261 2
279 264 3
279 265 3
279 266 2
279 270 3
279 272 4
279 274 3
279 281 3
279 282 4
279 286 3
279 288 3
279 294 2
279 295 2
279 298 3
279 300 3
279 304 3
279 325 2
279 328 4
279 356 3
279 358 2
279 380 2
279 385 3
279 398 2
279 405 3
279 421 3
279 422 3
279 423 4
279 436 3
279 455 2
279 463 4
279 472 3
279 479 3
279 483 4
279 489 3
279 510 3
279 511 4
279 523 3
279 526 3
279 528 3
279 535 2
279 546 3
279 566 3
279 588 3
279 602 3
279 604 3
279 616 3
279 629 3
279 632 3
279 640 3
279 651 3
279 655 3
279 680 2
279 688 2
279 692 3
279 727 3
279 732 3
279 739 3
279 748 3
279 751 4
279 752 1
279 840 3
279 879 3
279 931 1
279 945 3
280 8 3
280 12 4
280 64 4
280 89 3
280 96 3
280 100 4
280 114 4
280 127 3
280 165 4
280 172 4
280 174 3
280 175 3
280 183 4
280 190 3
280 191 4
280 213 3
280 234 3
280 237 3
280 257 3
280 258 4
280 265 4
280 272 4
280 298 3
280 347 3
280 462 4
280 479 4
280 483 4
280 504 4
280 510 3
280 511 4
280 517 3
280 603 4
280 615 3
280 642 3
280 661 4
280 705 3
280 863 3
281 4 4
281 42 3
281 50 4
281 66 3
281 70 4
281 86 4
281 100 4
281 153 4
281 163 4
281 173 3
281 190 4
281 197 4
281 204 4
281 207 4
281 210 4
281 216 4
281 283 4
281 313 4
281 318 4
281 322 3
281 367 3
281 427 4
281 430 4
281 479 4
281 484 4
281 505 3
281 507 4
281 524 4
281 648 4
281 650 3
281 659 4
281 678 3
281 692 3
281 780 3
282 127 4
282 257 4
282 269 4
282 288 4
282 295 3
282 298 3
282 311 3
282 315 4
282 346 3
282 876 2
282 881 2
282 988 2
283 1 3
283 12 4
283 20 2
283 99 3
283 107 3
283 109 3
283 116 3
283 121 3
283 151 3
283 180 3
283 195 3
283 197 3
283 199 3
283 229 2
283 230 3
283 250 3
283 257 3
283 270 3
283 271 2
283 274 3
283 275 3
283 277 3
283 286 2
283 290 2
283 313 3
283 318 3
283 365 1
283 380 3
283 405 2
283 449 2
283 450 1
283 462 3
283 480 3
283 538 2
283 582 3
283 612 3
283 743 1
283 900 3
284 1 4
284 7 4
284 9 4
284 15 4
284 24 4
284 25 4
284 28 4
284 29 4
284 50 5
284 51 4
284 53 3
284 56 4
284 69 4
284 70 4
284 71 4
284 73 4
284 79 4
284 82 4
284 94 4
284 96 4
284 97 4
284 98 4
284 111 4
284 122 3
284 135 4
284 136 4
284 141 4
284 143 4
284 144 4
284 150 4
284 151 4
284 168 4
284 173 4
284 174 4
284 181 4
284 195 4
284 202 4
284 204 4
284 216 4
284 222 4
284 227 4
284 229 4
284 234 4
284 235 3
284 237 4
284 248 4
284 250 4
284 252 4
284 255 3
284 257 4
284 258 4
284 274 4
284 275 4
284 293 4
284 294 4
284 300 4
284 313 4
284 315 4
284 318 4
284 343 3
284 385 4
284 392 4
284 399 3
284 405 4
284 419 4
284 422 3
284 427 4
284 431 4
284 449 4
284 451 4
284 463 4
284 472 4
284 510 4
284 550 4
284 554 4
284 560 3
284 562 4
284 568 4
284 578 3
284 588 4
284 597 3
284 625 4
284 651 4
284 655 4
284 665 4
284 679 3
284 692 4
284 699 4
284 746 4
284 778 4
284 823 4
284 829 4
284 849 2
284 879 3
284 924 3
284 926 3
285 288 3
285 289 3
285 303 3
285 307 3
285 313 4
285 319 3
285 321 3
285 326 3
285 330 1
285 347 2
285 748 2
286 1 3
286 3 3
286 7 3
286 10 3
286 13 3
286 14 3
286 15 3
286 93 3
286 109 3
286 111 3
286 121 3
286 123 2
286 124 3
286 125 3
286 127 4
286 129 3
286 137 3
286 146 3
286 147 3
286 150 3
286 151 3
286 181 4
286 220 3
286 221 3
286 235 3
286 236 3
286 237 3
286 245 3
286 248 3
286 250 3
286 255 3
286 257 3
286 258 3
286 262 2
286 264 2
286 270 3
286 273 3
286 275 3
286 276 3
286 277 3
286 280 3
286 282 2
286 284 3
286 285 3
286 286 3
286 287 3
286 295 2
286 298 3
286 299 3
286 300 3
286 305 3
286 319 3
286 321 3
286 322 2
286 327 2
286 331 3
286 332 2
286 333 2
286 460 2
286 471 3
286 475 3
286 476 2
286 508 3
286 591 3
286 595 3
286 597 2
286 620 2
286 628 2
286 678 2
286 689 2
286 690 3
286 696 3
286 717 2
286 718 3
286 742 3
286 748 3
286 762 2
286 766 2
286 818 2
286 823 3
286 846 3
286 864 2
286 872 2
286 874 2
286 879 3
286 880 4
286 882 2
286 886 2
286 887 2
286 924 3
286 935 3
286 936 4
286 975 2
286 994 3
286 995 3
287 1 4
287 2 3
287 3 2
287 4 3
287 12 4
287 17 2
287 25 2
287 28 3
287 31 3
287 38 3
287 42 3
287 43 3
287 45 3
287 48 3
287 49 3
287 50 4
287 55 3
287 58 3
287 66 3
287 68 3
287 69 4
287 71 3
287 73 2
287 76 3
287 77 3
287 79 4
287 81 3
287 82 3
287 87 3
287 88 3
287 92 4
287 95 3
287 96 4
287 97 3
287 99 4
287 100 3
287 111 3
287 117 3
287 121 3
287 125 3
287 128 2
287 133 3
287 136 4
287 140 3
287 143 3
287 144 3
287 150 3
287 160 3
287 161 3
287 172 3
287 174 4
287 176 3
287 179 3
287 181 3
287 183 3
287 188 3
287 191 3
287 194 3
287 195 3
287 196 3
287 202 3
287 206 3
287 215 4
287 216 3
287 218 3
287 222 3
287 226 3
287 227 3
287 230 3
287 232 2
287 237 3
287 239 3
287 249 2
287 252 4
287 255 3
287 257 2
287 258 3
287 259 2
287 260 1
287 265 3
287 270 3
287 272 3
287 273 3
287 276 3
287 280 3
287 282 3
287 286 4
287 288 3
287 289 2
287 293 3
287 294 2
287 298 3
287 300 3
287 318 3
287 333 3
287 347 3
287 356 3
287 366 3
287 367 3
287 378 4
287 402 4
287 411 3
287 412 2
287 423 3
287 432 3
287 455 2
287 462 3
287 470 3
287 471 3
287 474 3
287 501 3
287 540 2
287 541 2
287 546 2
287 549 3
287 550 3
287 566 3
287 572 3
287 578 3
287 588 3
287 591 3
287 596 2
287 597 2
287 620 3
287 627 2
287 628 3
287 651 3
287 652 3
287 658 2
287 672 2
287 679 3
287 684 3
287 685 3
287 686 3
287 692 3
287 710 3
287 713 3
287 727 4
287 732 3
287 735 3
287 739 2
287 742 3
287 747 3
287 748 3
287 768 3
287 772 1
287 779 3
287 781 2
287 790 3
287 794 3
287 820 1
287 823 3
287 833 2
287 845 3
287 921 3
287 932 2
287 939 3
287 941 2
287 955 3
287 956 3
287 978 3
288 1 3
288 8 2
288 9 3
288 11 3
288 22 3
288 28 3
288 33 3
288 58 3
288 64 3
288 69 2
288 70 2
288 83 2
288 87 3
288 96 3
288 98 3
288 111 2
288 133 2
288 135 3
288 154 3
288 164 2
288 168 3
288 172 3
288 173 3
288 176 3
288 180 2
288 181 3
288 182 3
288 183 3
288 185 3
288 186 3
288 190 3
288 196 3
288 198 3
288 199 3
288 200 2
288 203 2
288 207 3
288 208 3
288 210 3
288 211 3
288 222 2
288 228 3
288 230 2
288 238 3
288 243 2
288 245 2
288 258 3
288 260 1
288 265 3
288 269 2
288 289 2
288 292 2
288 299 2
288 304 2
288 318 3
288 328 2
288 333 2
288 357 3
288 358 2
288 385 2
288 405 2
288 414 2
288 419 2
288 429 3
288 434 3
288 468 3
288 474 3
288 480 3
288 485 3
288 491 3
288 493 4
288 496 3
288 498 3
288 500 3
288 510 3
288 511 3
288 514 3
288 515 3
288 520 3
288 521 2
288 523 3
288 526 2
288 527 3
288 568 2
288 605 2
288 612 3
288 655 3
288 659 3
288 662 2
288 692 2
288 707 3
288 724 3
288 732 2
288 748 2
288 776 2
288 845 2
288 880 2
288 890 1
289 243 3
289 258 4
289 259 3
289 260 2
289 261 2
289 263 3
289 264 3
289 266 3
289 268 3
289 270 4
289 271 2
289 272 3
289 286 3
289 288 3
289 289 2
289 292 3
289 294 3
289 301 3
289 302 4
289 303 3
289 308 2
289 310 4
289 313 4
289 315 4
289 316 4
289 321 3
289 324 3
289 325 3
289 326 3
289 327 3
289 330 2
289 331 3
289 332 3
289 333 4
289 334 2
289 339 4
289 340 2
289 342 3
289 343 3
289 349 1
289 353 4
289 355 3
289 358 3
289 457 2
289 538 1
289 539 1
289 678 3
289 681 3
289 682 2
289 687 2
289 689 2
289 750 4
289 751 4
289 752 3
289 872 2
289 873 2
289 874 4
289 875 3
289 881 2
289 883 3
289 887 4
289 890 2
289 892 2
289 902 2
289 908 2
289 948 2
289 988 2
289 989 3
289 991 2
290 1 3
290 7 3
290 9 3
290 15 3
290 50 3
290 93 3
290 117 3
290 124 3
290 126 3
290 127 3
290 150 3
290 151 3
290 181 3
290 224 3
290 237 3
290 246 3
290 257 3
290 258 3
290 273 3
290 277 3
290 284 3
290 286 3
290 292 3
290 293 3
290 298 3
290 302 3
290 333 3
290 410 2
290 475 3
290 515 3
290 596 2
290 764 2
290 847 3
290 919 3
290 926 2
290 993 3
291 7 3
291 19 2
291 45 3
291 100 4
291 124 4
291 129 3
291 236 2
291 237 3
291 258 3
291 273 3
291 286 3
291 340 3
291 475 3
291 657 3
291 900 3
292 45 3
292 56 4
292 64 4
292 69 4
292 83 4
292 97 4
292 100 4
292 124 4
292 127 4
292 134 4
292 137 4
292 185 4
292 186 4
292 187 4
292 192 3
292 193 4
292 205 3
292 221 3
292 242 3
292 285 4
292 286 4
292 318 4
292 479 3
292 482 3
292 483 4
292 492 4
292 511 4
292 523 3
292 527 4
292 531 4
292 654 4
292 657 4
292 772 2
292 923 4
293 1 4
293 7 4
293 11 3
293 12 4
293 22 4
293 24 3
293 48 4
293 50 5
293 56 4
293 59 4
293 60 4
293 61 3
293 65 4
293 69 4
293 71 3
293 79 4
293 82 3
293 91 3
293 95 3
293 96 4
293 98 4
293 100 4
293 115 4
293 117 4
293 118 3
293 121 4
293 124 4
293 127 4
293 150 4
293 156 4
293 168 4
293 171 4
293 172 4
293 173 3
293 174 4
293 175 4
293 176 4
293 180 4
293 181 4
293 182 3
293 183 3
293 188 3
293 191 4
293 192 3
293 195 4
293 196 3
293 201 3
293 209 4
293 210 4
293 222 4
293 234 4
293 235 3
293 238 4
293 239 3
293 250 3
293 252 3
293 257 4
293 258 4
293 260 1
293 264 3
293 265 4
293 271 2
293 273 3
293 275 3
293 284 3
293 288 4
293 298 4
293 300 4
293 318 4
293 323 3
293 327 3
293 328 3
293 343 3
293 357 5
293 369 3
293 405 3
293 411 3
293 423 4
293 431 4
293 455 4
293 462 4
293 475 4
293 483 4
293 527 3
293 528 4
293 546 3
293 550 3
293 597 3
293 647 4
293 652 4
293 684 3
293 687 1
293 693 3
293 742 4
293 746 4
293 751 3
293 754 4
293 762 3
293 763 4
293 876 2
293 886 4
293 890 2
293 925 3
294 1 3
294 9 4
294 15 4
294 64 4
294 65 4
294 86 4
294 98 4
294 100 4
294 126 4
294 174 4
294 183 4
294 191 4
294 194 4
294 222 4
294 237 4
294 286 4
294 289 4
294 294 3
294 322 3
294 357 4
294 479 4
294 507 4
294 528 4
294 748 3
294 924 3
295 2 3
295 4 4
295 11 3
295 29 2
295 44 4
295 50 5
295 53 3
295 54 3
295 56 3
295 62 4
295 64 4
295 68 3
295 69 3
295 71 3
295 79 3
295 84 4
295 86 4
295 88 3
295 89 4
295 90 3
295 91 3
295 94 3
295 95 3
295 98 4
295 101 3
295 109 4
295 120 2
295 127 4
295 132 3
295 133 4
295 139 3
295 140 3
295 144 4
295 145 2
295 147 4
295 153 4
295 155 3
295 157 4
295 158 3
295 161 3
295 162 4
295 163 4
295 167 3
295 168 4
295 172 4
295 173 4
295 174 4
295 176 4
295 179 4
295 181 4
295 184 4
295 186 3
295 188 4
295 191 3
295 195 4
295 200 3
295 201 3
295 202 4
295 214 3
295 216 3
295 217 3
295 219 2
295 222 4
295 226 4
295 227 3
295 228 4
295 229 3
295 230 3
295 231 2
295 232 3
295 234 4
295 235 3
295 265 4
295 282 4
295 288 4
295 357 4
295 379 3
295 380 3
295 385 4
295 386 3
295 389 3
295 391 3
295 392 4
295 395 2
295 402 4
295 403 3
295 404 4
295 413 2
295 416 3
295 417 3
295 421 4
295 423 3
295 431 3
295 433 4
295 435 3
295 444 3
295 447 3
295 449 3
295 452 3
295 465 2
295 470 3
295 472 3
295 478 4
295 479 4
295 496 3
295 501 4
295 504 4
295 505 3
295 507 4
295 523 4
295 550 3
295 559 3
295 566 3
295 575 2
295 581 4
295 616 3
295 622 3
295 629 4
295 642 3
295 650 3
295 658 3
295 660 4
295 665 3
295 671 3
295 674 3
295 679 3
295 684 3
295 705 3
295 732 4
295 742 4
295 768 3
295 770 4
295 790 3
295 796 2
295 797 3
295 831 2
295 843 3
295 924 2
295 944 3
296 7 4
296 10 4
296 17 3
296 33 3
296 38 2
296 39 3
296 42 3
296 50 4
296 53 3
296 56 4
296 64 4
296 77 3
296 87 3
296 96 4
296 97 4
296 98 3
296 99 4
296 109 3
296 132 4
296 133 4
296 135 4
296 136 4
296 141 4
296 142 3
296 143 4
296 147 4
296 150 3
296 154 4
296 156 4
296 158 3
296 164 4
296 172 4
296 173 4
296 181 4
296 183 4
296 186 3
296 204 4
296 222 4
296 227 3
296 228 4
296 229 3
296 246 4
296 268 3
296 288 4
296 318 4
296 356 3
296 378 4
296 380 3
296 393 4
296 417 3
296 418 3
296 420 4
296 421 4
296 433 4
296 469 3
296 480 4
296 484 4
296 485 4
296 509 4
296 526 4
296 528 4
296 532 4
296 554 3
296 561 2
296 607 3
296 625 3
296 633 3
296 727 3
296 743 2
296 746 4
296 774 2
296 825 3
296 921 4
297 1 3
297 2 3
297 3 3
297 11 4
297 12 4
297 13 3
297 19 3
297 24 3
297 25 3
297 28 3
297 31 3
297 38 3
297 39 3
297 54 3
297 56 4
297 66 3
297 67 3
297 70 3
297 71 3
297 72 3
297 77 3
297 79 4
297 80 2
297 87 4
297 89 4
297 94 3
297 95 3
297 96 4
297 97 4
297 98 4
297 99 3
297 100 3
297 101 3
297 105 2
297 108 3
297 109 3
297 114 4
297 118 3
297 122 2
297 127 4
297 139 2
297 145 2
297 152 3
297 153 3
297 155 3
297 161 3
297 163 3
297 164 4
297 167 3
297 168 4
297 173 4
297 174 4
297 175 3
297 181 4
297 183 3
297 185 4
297 186 3
297 187 3
297 188 3
297 189 3
297 194 3
297 195 4
297 197 4
297 202 4
297 204 4
297 208 4
297 217 3
297 222 3
297 225 3
297 227 3
297 228 4
297 229 3
297 230 3
297 233 2
297 234 4
297 240 3
297 242 3
297 248 3
297 250 3
297 252 3
297 257 3
297 258 3
297 260 2
297 268 3
297 273 3
297 274 3
297 288 3
297 291 3
297 325 3
297 358 3
297 363 3
297 364 2
297 373 2
297 381 4
297 382 3
297 384 3
297 385 3
297 386 3
297 393 3
297 395 2
297 399 3
297 403 3
297 405 3
297 407 1
297 408 3
297 412 2
297 418 3
297 423 4
297 431 3
297 432 3
297 451 3
297 452 3
297 455 3
297 465 3
297 472 2
297 475 4
297 501 3
297 508 3
297 510 3
297 526 3
297 540 3
297 545 1
297 549 3
297 550 3
297 552 2
297 559 3
297 562 3
297 566 3
297 568 4
297 570 3
297 575 3
297 577 3
297 578 3
297 588 3
297 590 2
297 597 3
297 603 3
297 625 3
297 627 3
297 645 3
297 651 4
297 652 3
297 655 3
297 657 4
297 679 3
297 692 3
297 716 3
297 721 3
297 722 2
297 724 3
297 731 3
297 741 3
297 748 2
297 758 1
297 765 3
297 771 3
297 780 3
297 781 3
297 783 3
297 790 2
297 792 3
297 797 3
297 802 3
297 808 2
297 809 3
297 810 3
297 840 3
297 849 2
297 864 3
297 940 3
297 943 3
297 1000 3
298 10 4
298 11 2
298 12 4
298 23 3
298 32 3
298 50 4
298 53 2
298 54 3
298 56 4
298 59 4
298 61 3
298 79 3
298 83 3
298 89 4
298 98 4
298 121 3
298 124 4
298 127 4
298 136 3
298 137 4
298 144 3
298 150 4
298 151 3
298 156 3
298 160 3
298 164 3
298 168 3
298 171 4
298 172 3
298 175 3
298 176 3
298 182 3
298 183 4
298 186 3
298 187 3
298 191 4
298 192 4
298 197 3
298 202 4
298 203 3
298 204 4
298 210 3
298 218 3
298 222 2
298 228 3
298 229 3
298 258 3
298 262 2
298 271 1
298 275 3
298 288 3
298 293 3
298 302 3
298 340 2
298 381 4
298 425 3
298 435 4
298 443 3
298 447 3
298 448 3
298 449 3
298 464 4
298 474 4
298 475 3
298 483 4
298 484 4
298 486 3
298 489 3
298 512 3
298 515 4
298 522 4
298 525 4
298 548 3
298 554 2
298 558 2
298 594 3
298 607 3
298 628 4
298 631 3
298 649 3
298 652 3
298 656 3
298 664 3
298 675 3
298 693 4
298 754 3
298 772 1
298 806 4
298 887 4
298 919 3
298 922 3
298 933 2
298 985 3
299 7 2
299 8 3
299 11 3
299 12 4
299 50 3
299 69 3
299 87 4
299 97 3
299 117 3
299 132 4
299 153 3
299 157 4
299 176 3
299 177 4
299 181 3
299 182 3
299 183 4
299 191 4
299 193 3
299 194 4
299 198 3
299 202 3
299 207 4
299 210 4
299 213 3
299 215 3
299 238 3
299 251 4
299 271 2
299 272 4
299 275 4
299 295 3
299 300 3
299 301 3
299 312 3
299 313 3
299 318 4
299 326 4
299 357 4
299 414 3
299 425 3
299 427 4
299 463 3
299 474 4
299 482 3
299 483 4
299 484 4
299 486 3
299 497 3
299 511 4
299 514 4
299 516 3
299 520 4
299 521 3
299 530 3
299 539 3
299 605 3
299 651 3
299 657 4
299 661 3
299 663 2
299 690 3
299 692 3
299 742 3
299 750 4
299 879 3
299 886 4
299 887 4
299 902 3
300 1 4
300 3 3
300 8 3
300 9 4
300 15 3
300 25 4
300 28 4
300 30 3
300 39 3
300 42 4
300 43 3
300 44 4
300 45 4
300 50 4
300 56 4
300 58 4
300 59 4
300 61 4
300 62 3
300 69 4
300 70 3
300 72 3
300 77 4
300 83 4
300 88 4
300 89 4
300 94 3
300 97 4
300 98 4
300 100 4
300 116 3
300 118 3
300 120 3
300 125 4
300 129 4
300 133 4
300 135 4
300 143 4
300 147 4
300 159 4
300 164 4
300 172 4
300 175 4
300 179 3
300 181 4
300 196 4
300 204 4
300 208 4
300 210 4
300 211 3
300 216 4
300 217 3
300 223 5
300 234 4
300 235 3
300 238 4
300 244 3
300 245 3
300 246 4
300 250 4
300 252 3
300 255 4
300 257 4
300 268 4
300 274 3
300 275 4
300 276 4
300 281 4
300 282 4
300 283 4
300 284 3
300 285 4
300 287 4
300 294 3
300 298 3
300 300 4
300 301 3
300 304 3
300 316 4
300 319 3
300 325 3
300 381 4
300 386 2
300 387 3
300 393 4
300 396 2
300 405 3
300 407 3
300 412 3
300 421 4
300 448 3
300 464 4
300 469 3
300 471 4
300 472 3
300 475 4
300 476 3
300 479 4
300 498 4
300 509 4
300 514 4
300 517 4
300 522 3
300 529 4
300 531 4
300 535 4
300 553 4
300 559 3
300 568 4
300 569 3
300 584 3
300 611 4
300 619 4
300 639 4
300 640 4
300 660 4
300 662 4
300 665 3
300 699 4
300 709 4
300 714 4
300 721 3
300 729 3
300 735 4
300 739 3
300 742 4
300 762 3
300 768 2
300 775 3
300 780 3
300 781 4
300 815 3
300 821 3
300 827 3
300 836 4
300 845 4
300 930 3
300 964 4
300 971 3
300 988 3
300 996 3
